0.332506 0.115671 0.630674 0.014175 0.533176 0.242812 1
0.720216 0.234598 0.342868 0.943162 0.064944 0.512342 0
0.555872 0.555872 0.431852 0.999239 0.310327 0.136500 0
0.085176 0.040074 0.191938 0.813359 0.203648 0.917674 0
0.921013 0.248898 0.389755 0.313493 0.008734 0.034285 0
0.511024 0.073955 0.587119 0.118922 0.839806 0.583940 1
0.327512 0.593011 0.262476 0.475463 0.154585 0.908756 0
0.663256 0.028722 0.371950 0.726173 0.193625 0.247732 0
0.484526 0.136802 0.638919 0.210523 0.320225 0.226442 1
0.180148 0.545915 0.425270 0.400798 0.699822 0.900461 0
0.376529 0.869349 0.511466 0.081001 0.769169 0.902827 0
0.520015 0.853218 0.353003 0.676705 0.001566 0.138518 0
0.673925 0.272806 0.503548 0.054820 0.234349 0.084201 0
0.637625 0.962993 0.642467 0.479054 0.852821 0.325316 0
0.121803 0.042946 0.876133 0.695865 0.498796 0.723431 1
0.951838 0.778487 0.040934 0.374513 0.309839 0.231391 0
0.896486 0.106832 0.962613 0.980629 0.341911 0.694263 0
0.924410 0.972361 0.788311 0.771457 0.360569 0.781518 1
0.430663 0.539318 0.325226 0.712903 0.907853 0.013926 1
0.176045 0.562218 0.849005 0.457099 0.362992 0.807901 0
0.854876 0.904275 0.390036 0.028884 0.463420 0.679012 1
0.177276 0.458674 0.087854 0.721397 0.976497 0.918485 0
0.337108 0.869819 0.342718 0.618328 0.548403 0.317861 1
0.966577 0.641942 0.999497 0.142505 0.593910 0.617732 1
0.138181 0.259602 0.943511 0.085720 0.662872 0.466130 1
0.737782 0.841793 0.998972 0.764040 0.260587 0.532044 1
0.225322 0.673666 0.811524 0.509825 0.386679 0.190008 1
0.017112 0.111264 0.438119 0.059530 0.445817 0.140579 0
0.359652 0.846568 0.197945 0.041189 0.367762 0.097513 0
0.129273 0.424373 0.742865 0.039484 0.244529 0.937010 1
0.188690 0.359498 0.056921 0.367879 0.450911 0.236696 0
0.489312 0.752147 0.796020 0.058001 0.503493 0.780312 0
0.847125 0.384694 0.210863 0.329674 0.908542 0.260686 1
0.631539 0.700592 0.188087 0.953317 0.301505 0.590854 1
0.802649 0.651137 0.824551 0.132711 0.965256 0.316222 0
0.680371 0.312966 0.528072 0.403272 0.497490 0.897966 0
0.583445 0.136244 0.820899 0.002710 0.848753 0.193519 1
0.248029 0.841857 0.300762 0.518962 0.628535 0.522622 1
0.094564 0.069717 0.911550 0.741059 0.429928 0.935478 1
0.693676 0.776058 0.641915 0.932928 0.428983 0.532656 1
0.444148 0.645278 0.320416 0.078235 0.253652 0.319913 0
0.019029 0.194626 0.998313 0.850756 0.558236 0.047678 1
0.283796 0.476030 0.270299 0.448690 0.450978 0.989737 0
0.075901 0.714467 0.942971 0.847035 0.291313 0.950051 1
0.307193 0.555406 0.287150 0.901863 0.936833 0.083058 1
0.819235 0.232773 0.635692 0.761825 0.199366 0.253834 0
0.262394 0.908219 0.677523 0.358427 0.454100 0.442037 0
0.204621 0.081096 0.866227 0.994735 0.692984 0.534187 1
0.461483 0.344937 0.701807 0.119315 0.633302 0.325637 1
0.439789 0.290526 0.319087 0.987313 0.965196 0.614352 0
0.102954 0.215977 0.164344 0.748130 0.907414 0.006646 0
0.590341 0.041153 0.701095 0.989002 0.548014 0.842149 1
0.057319 0.601157 0.883694 0.905231 0.198609 0.182576 1
0.073658 0.457212 0.321724 0.910400 0.592731 0.631963 0
0.278944 0.372703 0.530734 0.542838 0.478929 0.154200 1
0.755850 0.889596 0.033864 0.329459 0.078984 0.054359 0
0.080759 0.547340 0.385102 0.297765 0.033439 0.389591 0
0.441222 0.921733 0.434970 0.411627 0.778324 0.365534 0
0.949783 0.210771 0.864621 0.792096 0.223389 0.158988 0
0.543926 0.400261 0.324978 0.547334 0.728295 0.865938 1
0.954517 0.040573 0.121238 0.534561 0.337658 0.756060 0
0.832943 0.312928 0.853642 0.460338 0.330723 0.408706 0
0.404035 0.157282 0.923768 0.331707 0.878400 0.243698 1
0.745928 0.651728 0.186706 0.099289 0.514834 0.431290 0
0.669233 0.926537 0.844638 0.806250 0.006925 0.613305 1
0.320035 0.135089 0.167713 0.381520 0.043518 0.233528 0
0.413456 0.539293 0.690883 0.751103 0.274134 0.204435 1
0.822292 0.826749 0.271409 0.348607 0.586479 0.463112 0
0.442152 0.157034 0.087891 0.358396 0.278052 0.641391 0
0.074354 0.746027 0.444870 0.751535 0.175631 0.886582 1
0.839810 0.932516 0.720686 0.437608 0.364821 0.394280 0
0.080256 0.516072 0.282028 0.751835 0.470695 0.426673 1
0.819131 0.396825 0.841395 0.154758 0.288784 0.687132 0
0.002616 0.212284 0.091947 0.385658 0.643021 0.911086 0
0.205666 0.094587 0.129709 0.812703 0.162227 0.990458 0
0.342038 0.008723 0.780565 0.942349 0.851815 0.707549 1
0.852060 0.913367 0.694661 0.287543 0.630679 0.648722 1
0.928596 0.122356 0.713066 0.894967 0.726519 0.504585 1
0.728684 0.122141 0.274016 0.246188 0.033338 0.658812 0
0.090759 0.188054 0.720955 0.510012 0.437146 0.034189 1
0.239174 0.480799 0.128249 0.558850 0.416688 0.854294 0
0.056956 0.961150 0.717583 0.453752 0.659905 0.293000 0
0.400434 0.346320 0.379978 0.473047 0.835833 0.801325 0
0.360313 0.583247 0.141358 0.215767 0.202043 0.561835 0
0.943866 0.794343 0.642502 0.172991 0.966284 0.009973 0
0.352233 0.461697 0.208444 0.396484 0.913313 0.198601 0
0.094357 0.563636 0.606611 0.092943 0.859599 0.130464 0
0.874691 0.763083 0.892848 0.431308 0.606004 0.247932 0
0.370800 0.610523 0.042576 0.483970 0.297810 0.070565 0
0.908910 0.294670 0.654985 0.284252 0.304205 0.948389 0
0.501500 0.269609 0.899181 0.896563 0.593935 0.070470 1
0.482388 0.591499 0.784060 0.496364 0.070630 0.757391 0
0.139577 0.221151 0.576990 0.161027 0.347396 0.697687 1
0.834007 0.314188 0.216823 0.670164 0.385471 0.715124 0
0.213245 0.920843 0.123105 0.415137 0.552849 0.180743 0
0.879074 0.945526 0.490817 0.724198 0.588247 0.464223 0
0.987781 0.146401 0.013114 0.840745 0.402300 0.334985 0
0.160865 0.762813 0.189507 0.114136 0.895732 0.266652 0
0.938333 0.321860 0.555532 0.425317 0.626581 0.182109 1
0.858221 0.141715 0.271296 0.626537 0.254324 0.886962 0
0.392479 0.106286 0.972778 0.663047 0.569088 0.553098 1
0.619274 0.189138 0.406118 0.232300 0.459636 0.659042 0
0.821735 0.765074 0.355585 0.856365 0.865267 0.360882 0
0.389949 0.539697 0.582059 0.069779 0.879566 0.563511 0
0.327898 0.306317 0.257030 0.263458 0.259441 0.382931 0
0.970960 0.611549 0.427200 0.363562 0.701363 0.698029 1
0.538260 0.591959 0.599519 0.006395 0.523388 0.132220 0
0.317893 0.932623 0.361791 0.474192 0.767517 0.057774 0
0.910694 0.190610 0.516903 0.263824 0.910147 0.267342 1
0.780355 0.859814 0.433555 0.972717 0.752991 0.566598 1
0.385800 0.250292 0.692108 0.289199 0.938656 0.566521 1
0.822209 0.028454 0.863136 0.046280 0.397200 0.852101 0
0.198389 0.441733 0.664253 0.856993 0.456443 0.510493 1
0.740404 0.975246 0.149999 0.189352 0.540264 0.743488 1
0.069262 0.511142 0.957580 0.070219 0.660355 0.472687 0
0.428161 0.889763 0.951919 0.342467 0.489246 0.319391 0
0.425923 0.481029 0.092991 0.141696 0.154042 0.028560 0
0.151331 0.451815 0.086613 0.759711 0.477337 0.897400 0
0.287471 0.680673 0.725540 0.421374 0.747279 0.376618 0
0.568255 0.783467 0.561080 0.391363 0.836176 0.170058 0
0.725299 0.652080 0.833131 0.536231 0.293555 0.255256 0
0.761592 0.228308 0.537963 0.073349 0.783842 0.974003 1
0.853463 0.238975 0.352574 0.785526 0.784763 0.155495 1
0.547187 0.795063 0.868269 0.313910 0.967198 0.963814 1
0.712359 0.408217 0.325614 0.518782 0.009144 0.969460 0
0.994071 0.632950 0.026373 0.244693 0.769503 0.186593 0
0.018126 0.194068 0.239992 0.787177 0.680683 0.970211 0
0.528716 0.404331 0.566926 0.629996 0.347932 0.536433 0
0.612124 0.322597 0.069306 0.758375 0.935258 0.336293 1
0.723269 0.518201 0.906904 0.072399 0.420582 0.777700 1
0.192818 0.560563 0.327833 0.056331 0.923077 0.084702 0
0.863582 0.946967 0.870843 0.297382 0.410890 0.076037 0
0.775360 0.617922 0.544984 0.359606 0.352630 0.885524 1
0.968409 0.436904 0.314995 0.767667 0.565521 0.470312 1
0.718486 0.535387 0.956534 0.016771 0.251022 0.224690 0
0.344797 0.826035 0.158075 0.636325 0.654719 0.946697 1
0.966791 0.376033 0.624386 0.010425 0.304169 0.166776 0
0.918777 0.932447 0.574682 0.623083 0.236184 0.686079 1
0.282560 0.112816 0.896770 0.267195 0.437509 0.539330 1
0.141455 0.805818 0.923757 0.491365 0.372574 0.808180 0
0.522935 0.076197 0.362178 0.380449 0.361753 0.636553 0
0.635033 0.787013 0.212889 0.945879 0.982207 0.959165 1
0.893373 0.367970 0.589384 0.841350 0.653058 0.076696 1
0.293178 0.631727 0.691161 0.002320 0.260398 0.991490 0
0.611280 0.864574 0.523781 0.192678 0.906885 0.604074 1
0.082733 0.682485 0.453772 0.014622 0.507947 0.534214 0
0.562360 0.322900 0.743534 0.310356 0.678967 0.502120 1
0.850677 0.697402 0.087545 0.384187 0.376100 0.273993 0
0.354087 0.530986 0.356346 0.586083 0.904140 0.039376 1
0.130520 0.984808 0.820990 0.320146 0.888321 0.379039 0
0.770157 0.613106 0.664866 0.905487 0.926672 0.857486 1
0.998340 0.413124 0.421989 0.162007 0.243240 0.062128 0
0.775272 0.838800 0.262836 0.647532 0.263131 0.885468 1
0.224592 0.961226 0.157312 0.162610 0.938983 0.233671 0
0.806012 0.639974 0.541472 0.774136 0.572396 0.457725 0
0.769988 0.854186 0.682873 0.049978 0.370019 0.126248 0
0.197640 0.533828 0.751241 0.157947 0.052520 0.443902 0
0.476858 0.709623 0.946491 0.600731 0.074751 0.538223 1
0.769039 0.543062 0.217231 0.374421 0.745545 0.742721 1
0.786307 0.594163 0.637285 0.547778 0.313464 0.052941 0
0.809711 0.817851 0.934212 0.641710 0.555472 0.812697 1
0.559324 0.965048 0.726309 0.931847 0.504561 0.063813 0
0.360011 0.139001 0.281282 0.220383 0.284403 0.966886 0
0.595011 0.893252 0.114813 0.998694 0.501181 0.558791 1
0.969078 0.464352 0.852234 0.099368 0.929244 0.826882 1
0.371885 0.582924 0.472235 0.728983 0.673020 0.277148 1
0.728058 0.903880 0.669177 0.681343 0.382011 0.066604 0
0.739703 0.799220 0.804785 0.523008 0.246686 0.720741 1
0.924343 0.683813 0.534704 0.761577 0.782467 0.616817 1
0.639527 0.501506 0.979046 0.943030 0.201164 0.457331 0
0.080362 0.035768 0.520228 0.656891 0.241443 0.064307 1
0.378601 0.557681 0.578230 0.091208 0.032327 0.366643 0
0.862485 0.272440 0.426403 0.737966 0.648718 0.360375 1
0.694982 0.515613 0.318931 0.238358 0.227798 0.860492 1
0.345909 0.413978 0.171193 0.677748 0.560628 0.234854 0
0.436015 0.885387 0.209149 0.949341 0.830922 0.192109 1
0.441289 0.909887 0.832622 0.397067 0.833099 0.233187 0
0.692692 0.257421 0.994105 0.654571 0.085578 0.258723 0
0.809136 0.841319 0.675286 0.239863 0.070509 0.851322 1
0.127743 0.611394 0.211482 0.871751 0.709085 0.997134 1
0.108367 0.744307 0.894777 0.056674 0.146894 0.309827 0
0.842700 0.082288 0.996829 0.580228 0.665909 0.769387 1
0.372775 0.068288 0.961456 0.945006 0.090177 0.339930 1
0.345971 0.907737 0.291704 0.743392 0.135294 0.059445 1
0.757743 0.522136 0.072006 0.915302 0.385501 0.829458 1
0.172874 0.015209 0.968726 0.078462 0.110178 0.460110 1
0.781120 0.009501 0.825019 0.490813 0.245748 0.768859 0
0.978966 0.757383 0.913451 0.971467 0.508580 0.974710 1
0.200437 0.669176 0.321227 0.320983 0.584253 0.656888 0
0.157783 0.039594 0.636134 0.853263 0.446433 0.816156 1
0.369490 0.854085 0.275019 0.726364 0.180613 0.906939 1
0.768223 0.033458 0.190608 0.109503 0.446079 0.956589 0
0.961514 0.869132 0.619165 0.634572 0.845696 0.460254 0
0.075602 0.679095 0.387677 0.902369 0.890164 0.655431 1
0.336352 0.421934 0.820129 0.907613 0.006218 0.739723 1
0.954537 0.002849 0.940530 0.963907 0.280838 0.182724 0
0.099452 0.213852 0.862072 0.641781 0.268502 0.848667 1
0.116652 0.118230 0.879039 0.214663 0.292814 0.099479 1
0.768609 0.178320 0.076009 0.688295 0.478858 0.511286 0
0.327093 0.085852 0.513472 0.240255 0.470597 0.695704 1
0.832311 0.325961 0.208587 0.397428 0.531344 0.351358 1
0.692291 0.417064 0.259490 0.305521 0.167540 0.520415 0
0.326774 0.929807 0.432044 0.038015 0.077359 0.882535 0
0.524387 0.541571 0.748945 0.024059 0.764162 0.707523 1
0.181099 0.749387 0.936128 0.450687 0.498849 0.874340 0
0.064583 0.611322 0.712685 0.889049 0.958031 0.521339 1
0.066823 0.695312 0.324331 0.525436 0.672493 0.998791 1
0.555423 0.723067 0.261672 0.096134 0.826416 0.495920 0
0.076651 0.012945 0.790788 0.665634 0.908819 0.915480 1
0.876673 0.127419 0.836385 0.825795 0.967572 0.528490 1
0.261413 0.219513 0.389079 0.902680 0.183261 0.224152 0
0.121398 0.367845 0.837700 0.111547 0.478549 0.981742 1
0.476774 0.923373 0.389083 0.438255 0.008325 0.864490 0
0.123479 0.666525 0.973017 0.595557 0.569803 0.601548 1
0.200729 0.967936 0.922864 0.121709 0.044176 0.809880 0
0.906678 0.348113 0.080968 0.213367 0.506531 0.284645 1
0.246504 0.576782 0.935963 0.921748 0.466558 0.834205 1
0.293043 0.581013 0.177718 0.393780 0.119431 0.824129 0
0.346272 0.536789 0.564110 0.822956 0.073130 0.374746 1
0.132892 0.136738 0.982892 0.703784 0.884585 0.400639 1
0.855591 0.081955 0.463161 0.395613 0.938569 0.602578 1
0.032208 0.207653 0.732698 0.424068 0.790680 0.016889 1
0.919607 0.214478 0.910061 0.501598 0.803252 0.256962 1
0.975155 0.745529 0.277653 0.906721 0.680350 0.112143 0
0.376623 0.626677 0.985422 0.909054 0.888558 0.398365 1
0.917810 0.673688 0.793083 0.571521 0.990839 0.501855 1
0.043532 0.907373 0.051657 0.679403 0.598605 0.207263 1
0.762524 0.465820 0.444739 0.719549 0.120099 0.843121 0
0.265577 0.877254 0.735561 0.598571 0.502550 0.146328 1
0.505190 0.289714 0.900666 0.204172 0.343317 0.476410 0
0.131399 0.894689 0.222426 0.072838 0.112034 0.123548 0
0.194221 0.674908 0.624216 0.663410 0.149875 0.493351 1
0.154284 0.186005 0.119128 0.569472 0.699971 0.535879 0
0.977737 0.174587 0.910066 0.253507 0.530854 0.703506 1
0.163946 0.436598 0.818386 0.248013 0.301836 0.785020 1
0.622930 0.652970 0.022903 0.755921 0.085290 0.817862 1
0.049098 0.554297 0.492220 0.707967 0.007698 0.663731 1
0.702831 0.716227 0.869493 0.184598 0.300352 0.258621 0
0.163635 0.100485 0.653945 0.332287 0.525937 0.517895 1
0.466977 0.439719 0.482103 0.604511 0.288633 0.509043 0
0.787748 0.091406 0.170011 0.221267 0.986140 0.268663 1
0.636188 0.651936 0.075115 0.275688 0.948722 0.375353 0
0.405136 0.044129 0.619604 0.497593 0.729012 0.555788 1
0.065475 0.179324 0.613941 0.148873 0.778072 0.240565 1
0.834947 0.326277 0.198898 0.616551 0.625446 0.379700 1
0.308122 0.344004 0.946545 0.729995 0.610629 0.370358 1
0.474740 0.830627 0.175932 0.125393 0.137525 0.641436 0
0.795614 0.419847 0.121148 0.088196 0.197519 0.893790 0
0.178265 0.691960 0.997889 0.404436 0.052730 0.811467 0
0.758100 0.629575 0.766931 0.671049 0.388546 0.449135 0
0.631515 0.507712 0.129180 0.318823 0.658417 0.350802 0
0.492984 0.306872 0.735697 0.664729 0.947294 0.441493 1
0.745946 0.610905 0.338460 0.669785 0.158421 0.370788 0
0.452025 0.568969 0.933974 0.623549 0.005058 0.232509 1
0.241675 0.484969 0.718638 0.774700 0.930462 0.970167 1
0.976786 0.434408 0.255078 0.724351 0.353562 0.613080 0
0.962037 0.690473 0.835060 0.104886 0.485732 0.624757 1
0.175295 0.133033 0.515071 0.080634 0.649997 0.067469 1
0.560540 0.173156 0.372194 0.914219 0.875124 0.027468 1
0.363800 0.124329 0.116679 0.270886 0.934388 0.855455 0
0.906903 0.637785 0.294039 0.274912 0.486594 0.220993 0
0.662424 0.962350 0.606727 0.359427 0.710896 0.928636 1
0.092866 0.163503 0.715039 0.643728 0.014526 0.582449 1
0.898936 0.326082 0.696046 0.557048 0.781164 0.168375 1
0.188483 0.742789 0.526178 0.572086 0.765510 0.416210 1
0.066112 0.053028 0.332606 0.842068 0.058513 0.825261 0
0.374286 0.089146 0.904610 0.517133 0.144180 0.456062 1
0.681159 0.910076 0.926282 0.973394 0.157442 0.124905 0
0.275436 0.266770 0.357426 0.577311 0.656218 0.397131 0
0.409570 0.734964 0.926657 0.400910 0.332762 0.637641 0
0.686361 0.035214 0.765702 0.398226 0.598062 0.696344 1
0.587242 0.714208 0.638894 0.371306 0.725716 0.777678 1
0.304718 0.599743 0.480745 0.567237 0.687622 0.067292 1
0.017085 0.466809 0.381037 0.454709 0.133761 0.926043 0
0.328209 0.016550 0.359456 0.786387 0.455519 0.879854 0
0.563599 0.726831 0.610252 0.542864 0.189896 0.527895 1
0.191398 0.834982 0.437499 0.273781 0.470870 0.589687 0
0.534803 0.026258 0.533973 0.886217 0.246053 0.946289 0
0.209574 0.560048 0.589794 0.163120 0.826510 0.989853 0
0.435755 0.552365 0.277657 0.506237 0.957139 0.906833 1
0.901174 0.023299 0.735703 0.604311 0.920027 0.617594 1
0.529885 0.171053 0.992970 0.965495 0.758050 0.887445 1
0.470068 0.457841 0.663127 0.678930 0.515014 0.781153 1
0.755138 0.663828 0.932160 0.196990 0.297294 0.917422 1
0.795964 0.623444 0.411018 0.858754 0.422228 0.799323 1
0.573560 0.424629 0.046976 0.734816 0.762490 0.565336 1
0.318455 0.496079 0.764496 0.697637 0.343837 0.990049 1
0.626191 0.668986 0.459850 0.803700 0.053742 0.010940 0
0.303820 0.204475 0.950761 0.284110 0.124041 0.596265 1
0.081157 0.366490 0.404798 0.614114 0.038830 0.160113 0
0.436151 0.503912 0.958256 0.570132 0.165021 0.056145 1
0.102106 0.673378 0.610836 0.403402 0.562012 0.503498 0
0.670805 0.792718 0.140394 0.376802 0.466349 0.477825 0
0.848615 0.787772 0.070753 0.257314 0.072569 0.159310 0
0.523452 0.692543 0.086146 0.945278 0.757149 0.114158 0
0.949165 0.090670 0.665989 0.573384 0.015486 0.542271 0
0.935059 0.361923 0.376521 0.870782 0.720704 0.623521 1
0.665668 0.783335 0.204836 0.201579 0.179171 0.191031 0
0.249861 0.388964 0.288543 0.372020 0.368869 0.890482 0
0.593344 0.680791 0.593432 0.352822 0.065605 0.969130 1
0.439834 0.155585 0.264449 0.211755 0.304359 0.167620 0
0.258173 0.150164 0.892938 0.356467 0.390374 0.044416 1
0.850217 0.187272 0.961349 0.344483 0.973808 0.375855 1
0.144122 0.428268 0.354219 0.219942 0.162966 0.916755 0
0.121294 0.470609 0.560174 0.312166 0.492533 0.311622 1
0.410213 0.905475 0.163252 0.819803 0.185834 0.077308 1
0.134401 0.137177 0.410034 0.785814 0.157140 0.738128 0
0.870046 0.614602 0.760230 0.998685 0.124190 0.351797 0
0.821638 0.240103 0.536629 0.269644 0.155742 0.994749 0
0.529055 0.577929 0.078269 0.838988 0.257497 0.958845 1
0.013281 0.288612 0.437922 0.753084 0.996978 0.445100 0
0.062216 0.130432 0.845129 0.580801 0.973095 0.157521 1
0.379507 0.358194 0.466072 0.945494 0.377742 0.598394 0
0.582091 0.763810 0.164356 0.356900 0.919684 0.975246 1
0.489248 0.240546 0.974330 0.705728 0.343917 0.242209 1
0.047895 0.712569 0.955355 0.568113 0.128960 0.860783 1
0.566597 0.054191 0.636658 0.451953 0.580739 0.507810 1
0.037874 0.344728 0.998364 0.375145 0.204007 0.680535 1
0.369155 0.672316 0.821502 0.416927 0.738189 0.531149 0
0.090989 0.616979 0.434780 0.662283 0.462423 0.541889 1
0.663170 0.439881 0.146791 0.578444 0.740131 0.849617 1
0.705848 0.852463 0.841100 0.847293 0.040813 0.158593 0
0.144412 0.138334 0.717524 0.544476 0.990827 0.389802 1
0.963679 0.185486 0.421212 0.891149 0.237863 0.941524 0
0.390855 0.114949 0.703801 0.395836 0.311167 0.951585 1
0.064796 0.094387 0.149040 0.155994 0.878137 0.890984 0
0.698492 0.937631 0.994439 0.685614 0.101867 0.070811 0
0.146343 0.101845 0.897657 0.514941 0.014091 0.590201 1
0.174265 0.663730 0.435576 0.790129 0.611929 0.295555 1
0.067317 0.804039 0.686859 0.957869 0.572379 0.351743 1
0.446069 0.456831 0.899003 0.013699 0.816425 0.332854 1
0.240452 0.759259 0.505391 0.787434 0.576448 0.039694 1
0.391169 0.082164 0.097135 0.333001 0.046463 0.825888 0
0.463239 0.280315 0.354792 0.528586 0.869781 0.232920 0
0.546516 0.223354 0.162535 0.253856 0.764241 0.200492 1
0.779619 0.141268 0.195353 0.750506 0.461410 0.551627 0
0.913697 0.534766 0.752238 0.122345 0.041725 0.176154 0
0.845156 0.192343 0.753998 0.273340 0.666957 0.568740 1
0.576173 0.699573 0.186635 0.080294 0.543068 0.507601 1
0.054031 0.819604 0.648885 0.135060 0.547649 0.077141 0
0.342568 0.111666 0.341614 0.121777 0.057424 0.544879 0
0.219190 0.140046 0.812878 0.907107 0.136611 0.924635 1
0.130633 0.892172 0.726831 0.081004 0.667109 0.203791 0
0.148644 0.473583 0.931220 0.028459 0.127335 0.915840 1
0.240763 0.948351 0.780946 0.634711 0.047425 0.687369 1
0.388328 0.971146 0.268541 0.876925 0.716445 0.482545 1
0.274792 0.223507 0.529165 0.897425 0.770842 0.940428 1
0.561147 0.512174 0.712181 0.217894 0.140753 0.160803 0
0.483134 0.922764 0.467541 0.549871 0.325656 0.119611 1
0.886936 0.926594 0.826473 0.269804 0.276898 0.521103 1
0.198887 0.933008 0.223544 0.700233 0.655377 0.171910 1
0.770420 0.693042 0.452906 0.674843 0.558252 0.417332 0
0.489965 0.979954 0.902791 0.335011 0.441439 0.549686 0
0.407064 0.444815 0.155108 0.732042 0.991542 0.173116 0
0.638523 0.328228 0.440001 0.363271 0.783688 0.296932 1
0.531627 0.802789 0.589746 0.907493 0.032601 0.286409 0
0.057451 0.693697 0.910434 0.168503 0.129297 0.729521 0
0.619908 0.146655 0.805290 0.939694 0.498334 0.725214 0
0.689234 0.079671 0.320189 0.241956 0.861942 0.555039 1
0.077603 0.206585 0.373408 0.951373 0.800916 0.030103 0
0.037132 0.341094 0.673827 0.666723 0.058196 0.264569 1
0.249487 0.708151 0.603032 0.248732 0.985930 0.668575 0
0.258759 0.279296 0.643128 0.716458 0.469650 0.951582 1
0.963321 0.881686 0.000375 0.002564 0.653663 0.760243 1
0.612151 0.941570 0.845631 0.410707 0.221822 0.514447 1
0.111094 0.238438 0.072823 0.064642 0.969358 0.161899 0
0.937504 0.611964 0.880984 0.767387 0.570149 0.375415 0
0.025974 0.315901 0.589874 0.010653 0.819728 0.911919 1
0.633455 0.802565 0.819396 0.246358 0.809271 0.962947 1
0.727256 0.460013 0.770323 0.665748 0.157785 0.445064 0
0.256889 0.266341 0.732906 0.263338 0.664326 0.917397 1
0.345257 0.592942 0.455223 0.528002 0.588701 0.541751 1
0.544227 0.590533 0.340143 0.924964 0.769841 0.324456 0
0.129498 0.244286 0.450203 0.882205 0.255541 0.811571 0
0.350837 0.992032 0.987140 0.082600 0.685703 0.549909 0
0.853676 0.861009 0.809062 0.191420 0.149629 0.251733 0
0.803497 0.908726 0.806499 0.299460 0.390983 0.143373 0
0.786626 0.023529 0.782797 0.497117 0.641369 0.957864 1
0.422112 0.300277 0.462713 0.323403 0.758690 0.334454 0
0.311848 0.227006 0.882394 0.032352 0.332893 0.298232 1
0.347419 0.620721 0.315392 0.884709 0.704159 0.962569 1
0.336578 0.717143 0.387664 0.694094 0.404122 0.381526 1
0.445324 0.201437 0.232074 0.911296 0.507736 0.322050 0
0.036597 0.291928 0.438531 0.301509 0.329155 0.432434 0
0.036243 0.770370 0.309871 0.131206 0.329268 0.764814 0
0.634334 0.173908 0.754344 0.240432 0.149274 0.746319 0
0.120906 0.593026 0.228492 0.930273 0.232754 0.504720 1
0.677856 0.403194 0.895603 0.137792 0.959929 0.183634 1
0.507685 0.315798 0.823722 0.056541 0.256974 0.220692 0
0.730967 0.955944 0.026569 0.719210 0.493908 0.367548 0
0.946574 0.131402 0.543557 0.985057 0.203699 0.476068 0
0.784377 0.908951 0.544656 0.943754 0.212132 0.582869 1
0.028885 0.060015 0.952584 0.494703 0.500639 0.518857 1
0.339091 0.275485 0.075566 0.879784 0.924691 0.148136 0
0.946610 0.637621 0.187958 0.243418 0.944077 0.001862 0
0.654143 0.945084 0.822953 0.802961 0.275926 0.260052 0
0.389803 0.534872 0.831804 0.740153 0.639922 0.701994 1
0.179780 0.500044 0.640155 0.313232 0.768151 0.149022 0
0.237407 0.000216 0.121110 0.826169 0.101035 0.198371 0
0.006537 0.272716 0.154284 0.880192 0.846054 0.166304 0
0.224900 0.205161 0.707272 0.282159 0.924856 0.865269 1
0.497920 0.976096 0.015656 0.125854 0.427930 0.392818 0
0.905727 0.590736 0.593371 0.857936 0.395307 0.651095 1
0.017668 0.974230 0.760642 0.904541 0.242296 0.511786 1
0.763187 0.472821 0.974165 0.327640 0.603933 0.175018 1
0.384724 0.593798 0.125148 0.100025 0.899154 0.751918 0
0.997357 0.836674 0.091057 0.151408 0.183623 0.260184 0
0.165096 0.178284 0.146168 0.604950 0.831199 0.931318 0
0.054763 0.243603 0.554452 0.002003 0.840952 0.691344 1
0.395191 0.808881 0.156609 0.567646 0.609125 0.496810 1
0.762445 0.995391 0.958273 0.376242 0.335148 0.073930 0
0.398057 0.432012 0.587240 0.654640 0.112544 0.724077 1
0.369666 0.450308 0.531137 0.457462 0.462880 0.422578 1
0.666985 0.613706 0.727950 0.137046 0.218014 0.673549 1
0.439791 0.440292 0.423784 0.990611 0.878045 0.344989 0
0.983870 0.112980 0.829666 0.007806 0.953323 0.626806 1
0.691744 0.582494 0.543737 0.274659 0.949856 0.206545 0
0.326468 0.491037 0.892132 0.668221 0.766938 0.052912 1
0.533211 0.030133 0.761857 0.669567 0.903450 0.650101 1
0.398420 0.174405 0.048048 0.861376 0.167756 0.870057 0
0.398541 0.255790 0.303377 0.017424 0.240968 0.278557 0
0.350199 0.215740 0.920542 0.596042 0.785055 0.113769 1
0.639215 0.070338 0.151677 0.033607 0.711244 0.522598 1
0.408886 0.402326 0.444203 0.414813 0.210326 0.162644 0
0.740945 0.734782 0.112789 0.083164 0.174996 0.027216 0
0.426507 0.052982 0.011490 0.426130 0.850625 0.263468 0
0.674656 0.656287 0.647870 0.755499 0.325652 0.200588 0
0.178264 0.144160 0.783492 0.707993 0.868643 0.221289 1
0.108468 0.059595 0.520871 0.545347 0.994616 0.417730 1
0.605717 0.948895 0.062353 0.583353 0.514499 0.021421 0
0.043228 0.577238 0.374615 0.583910 0.626080 0.088393 1
0.402851 0.927746 0.921570 0.088851 0.084518 0.641827 0
0.971769 0.174566 0.700520 0.486085 0.410951 0.749364 0
0.362113 0.902137 0.790294 0.630905 0.956209 0.226663 1
0.189248 0.190641 0.198084 0.002175 0.300850 0.825787 0
0.684811 0.323230 0.733896 0.189026 0.594131 0.736657 1
0.715460 0.204589 0.316711 0.032384 0.028316 0.811228 0
0.284563 0.152661 0.915590 0.948771 0.768331 0.757822 1
0.052159 0.441248 0.435811 0.349625 0.312111 0.207470 0
0.939605 0.351156 0.617872 0.747615 0.692358 0.252532 1
0.003781 0.665640 0.002222 0.387540 0.185658 0.059493 0
0.545429 0.884798 0.447170 0.820779 0.700520 0.876413 1
0.916571 0.586330 0.229160 0.078755 0.540531 0.579914 1
0.008063 0.725180 0.124528 0.068087 0.173392 0.841539 0
0.506602 0.607342 0.556637 0.502233 0.510044 0.713064 1
0.178722 0.214249 0.048987 0.184118 0.058257 0.703897 0
0.265162 0.888329 0.410169 0.950567 0.702435 0.304173 1
0.940557 0.172452 0.696899 0.284941 0.093633 0.038025 0
0.921412 0.833703 0.908760 0.932489 0.046500 0.574541 1
0.501955 0.466471 0.608626 0.242255 0.053003 0.866986 0
0.502805 0.225821 0.136470 0.829584 0.530981 0.130760 1
0.718622 0.374232 0.821163 0.961536 0.338238 0.444903 0
0.462845 0.561792 0.488240 0.575160 0.966782 0.154621 1
0.663382 0.896440 0.378048 0.533470 0.388357 0.107405 0
0.196198 0.794802 0.658001 0.972782 0.623838 0.847525 1
0.415824 0.354151 0.960842 0.507488 0.798893 0.239934 1
0.543742 0.801272 0.341483 0.216120 0.305608 0.679576 1
0.994377 0.473185 0.202659 0.909189 0.604581 0.723529 1
0.670660 0.137960 0.956264 0.489069 0.638742 0.947277 1
0.542845 0.895434 0.427314 0.508583 0.329240 0.844736 1
0.029127 0.244881 0.640542 0.338503 0.154222 0.544465 1
0.279061 0.535866 0.726008 0.085715 0.299998 0.780666 0
0.008094 0.585943 0.593535 0.855665 0.255951 0.669784 1
0.553645 0.409252 0.447611 0.526019 0.586437 0.030867 1
0.645243 0.582464 0.041280 0.153272 0.621762 0.871593 1
0.494417 0.460751 0.866640 0.817736 0.770288 0.521225 1
0.081035 0.430665 0.076326 0.402464 0.459103 0.458053 0
0.257130 0.693572 0.063931 0.788047 0.362530 0.168420 1
0.162736 0.074696 0.332212 0.920720 0.672265 0.490946 0
0.407528 0.757479 0.138340 0.588277 0.624584 0.355352 1
0.869072 0.018144 0.223854 0.865697 0.761226 0.852468 1
0.148345 0.422593 0.802303 0.479684 0.043021 0.590807 1
0.457097 0.561796 0.767731 0.169278 0.290370 0.533450 0
0.957589 0.020507 0.201687 0.876992 0.084983 0.267805 0
0.275431 0.915067 0.201300 0.088484 0.359971 0.838247 0
0.136170 0.503369 0.835238 0.397978 0.405583 0.966999 0
0.619733 0.653880 0.766709 0.849269 0.142200 0.527296 1
0.188175 0.271914 0.176674 0.996350 0.939816 0.450418 0
0.439811 0.013633 0.368518 0.650605 0.495420 0.533549 0
0.391103 0.533208 0.338469 0.989935 0.881589 0.560659 1
0.282023 0.644503 0.461211 0.858506 0.700314 0.031890 1
0.051619 0.649666 0.704947 0.841840 0.569115 0.764695 1
0.057347 0.194584 0.047073 0.836976 0.868459 0.663886 0
0.051925 0.875292 0.165379 0.728052 0.202335 0.402641 1
0.064080 0.477526 0.250090 0.186371 0.241323 0.458750 0
0.131320 0.806645 0.834448 0.261904 0.939356 0.204008 0
0.958640 0.331843 0.076902 0.960796 0.818298 0.862837 1
0.399217 0.211239 0.687401 0.061876 0.467296 0.395471 1
0.766062 0.283058 0.990999 0.272233 0.066123 0.200345 0
0.054476 0.290128 0.495578 0.671895 0.349319 0.943514 0
0.447343 0.906213 0.817918 0.829201 0.740218 0.971321 1
0.100824 0.169495 0.536973 0.685124 0.454727 0.751553 1
0.717634 0.034669 0.990858 0.697186 0.176945 0.088907 0
0.662726 0.189607 0.947560 0.446804 0.519963 0.327974 1
0.588691 0.477377 0.098275 0.907138 0.241989 0.023244 0
0.918791 0.865696 0.333818 0.818819 0.034515 0.867117 1
0.557442 0.099671 0.123975 0.162448 0.695802 0.515461 1
0.081493 0.679189 0.571630 0.277381 0.850290 0.180477 0
0.364191 0.986403 0.502219 0.808206 0.549533 0.883858 1
0.701590 0.891450 0.532856 0.080989 0.485191 0.346269 0
0.815064 0.776700 0.449433 0.020508 0.962524 0.768417 1
0.661604 0.741445 0.845520 0.185417 0.662447 0.135745 0
0.582927 0.576450 0.547514 0.070376 0.515952 0.211947 0
0.003563 0.790907 0.377418 0.595232 0.080591 0.574797 1
0.960048 0.662283 0.916149 0.336969 0.065543 0.891087 1
0.448180 0.414555 0.131836 0.883182 0.760156 0.488161 0
0.250732 0.743048 0.524443 0.186610 0.119256 0.758453 0
0.495774 0.827775 0.285920 0.935448 0.316561 0.944635 1
0.520704 0.453361 0.845625 0.158594 0.183125 0.139005 0
0.442943 0.935652 0.999345 0.644755 0.048523 0.069531 1
0.556741 0.439961 0.101094 0.298850 0.716143 0.308028 1
0.234974 0.142905 0.309832 0.769369 0.241790 0.719385 0
0.820088 0.896256 0.381139 0.077730 0.607962 0.863294 1
0.228510 0.716542 0.051951 0.476475 0.469443 0.355583 0
0.852188 0.860121 0.514391 0.226839 0.676602 0.952654 1
0.617448 0.145854 0.713497 0.310737 0.233033 0.301414 0
0.890891 0.691389 0.649663 0.454923 0.861958 0.430355 0
0.901679 0.789569 0.077259 0.584883 0.376645 0.254597 0
0.625611 0.163642 0.735051 0.547518 0.686900 0.760751 1
0.983087 0.979234 0.690942 0.308248 0.368786 0.455924 0
0.620366 0.726684 0.521471 0.829628 0.661095 0.651662 1
0.161949 0.090506 0.061695 0.507999 0.862456 0.203743 0
0.084639 0.556065 0.506266 0.969496 0.937654 0.235745 1
0.469904 0.319866 0.361271 0.258542 0.951228 0.329955 0
0.767447 0.633372 0.018398 0.455571 0.547456 0.252725 0
0.198363 0.445139 0.207507 0.489126 0.473503 0.611288 0
0.654547 0.631497 0.007821 0.626173 0.075276 0.851433 1
0.862698 0.427236 0.257323 0.798768 0.770053 0.837414 1
0.231223 0.859482 0.322901 0.153365 0.633752 0.872994 0
0.438172 0.080842 0.056166 0.054024 0.091820 0.225691 0
0.268169 0.070109 0.396543 0.831069 0.044230 0.957900 0
0.358062 0.171040 0.910165 0.019877 0.416217 0.348287 1
0.480147 0.338642 0.385243 0.592216 0.432819 0.068119 0
0.436606 0.322542 0.601861 0.052178 0.200267 0.080380 1
0.462840 0.411234 0.810714 0.145038 0.726566 0.543694 1
0.641350 0.661271 0.710525 0.665255 0.461159 0.476261 0
0.502030 0.960858 0.281481 0.885549 0.929803 0.554850 1
0.275237 0.506030 0.982449 0.270208 0.005190 0.147558 0
0.027264 0.008035 0.314144 0.150895 0.947407 0.745222 0
0.232532 0.067324 0.551283 0.285325 0.287968 0.568553 1
0.418696 0.164634 0.972497 0.656576 0.719731 0.303049 1
0.126777 0.670804 0.477090 0.690517 0.680172 0.166371 1
0.158188 0.991576 0.070149 0.438104 0.627591 0.622041 0
0.860069 0.789831 0.801807 0.382507 0.004153 0.199735 0
0.943510 0.439479 0.262392 0.470410 0.736834 0.585533 1
0.254449 0.307188 0.270174 0.629538 0.791348 0.385660 0
0.245437 0.324470 0.140878 0.079605 0.200413 0.669027 0
0.870925 0.964700 0.113700 0.730373 0.020156 0.049446 0
0.806595 0.499019 0.696389 0.030490 0.875386 0.833947 1
0.159519 0.555943 0.913095 0.455355 0.268922 0.022955 0
0.146490 0.066192 0.003470 0.582211 0.102925 0.784134 0
0.404652 0.452806 0.412794 0.905386 0.836213 0.068845 0
0.475788 0.966704 0.775636 0.041441 0.231497 0.613202 0
0.351144 0.253097 0.430440 0.110477 0.332214 0.227882 0
0.980962 0.661909 0.722568 0.782978 0.503278 0.132813 0
0.953570 0.525564 0.240471 0.186842 0.621453 0.677197 1
0.664228 0.152935 0.076211 0.815198 0.298655 0.422554 0
0.943429 0.413595 0.658529 0.014874 0.470805 0.439278 0
0.805288 0.458071 0.794880 0.089265 0.823798 0.009313 1
0.887854 0.858803 0.035732 0.690164 0.583690 0.787494 1
0.357114 0.357871 0.130851 0.404553 0.557309 0.824421 0
0.831422 0.387378 0.265973 0.020566 0.570112 0.102036 1
0.192109 0.355826 0.098239 0.072623 0.411718 0.514754 0
0.210257 0.912202 0.661615 0.875165 0.627639 0.289243 1
0.979892 0.700521 0.491903 0.144990 0.835438 0.816925 1
0.501247 0.156127 0.274992 0.205817 0.416775 0.859105 0
0.100461 0.396922 0.416659 0.079278 0.069320 0.674798 0
0.990439 0.024766 0.840315 0.781559 0.989145 0.590250 1
0.293167 0.401565 0.593625 0.018136 0.413142 0.396267 1
0.958271 0.024777 0.717593 0.120139 0.822834 0.617817 1
0.282637 0.836306 0.369171 0.875006 0.013068 0.349410 1
0.896465 0.524589 0.370933 0.379132 0.052150 0.883562 1
0.449138 0.289011 0.484245 0.311470 0.842167 0.670652 0
0.822867 0.411317 0.005857 0.552520 0.556199 0.654730 1
0.243287 0.350555 0.041776 0.583512 0.000557 0.168455 0
0.082743 0.644860 0.737389 0.777024 0.873690 0.973633 1
0.401322 0.044063 0.278779 0.136418 0.346952 0.081654 0
0.365336 0.185674 0.513820 0.142492 0.839484 0.844065 1
0.000029 0.584408 0.473901 0.371216 0.186147 0.203206 0
0.407772 0.934916 0.018578 0.261997 0.042759 0.875648 0
0.401359 0.558279 0.619702 0.288414 0.589392 0.130509 0
0.149096 0.204527 0.785036 0.471550 0.114493 0.739479 1
0.375133 0.267069 0.728082 0.972202 0.718709 0.408076 1
0.876920 0.550514 0.442436 0.074522 0.641472 0.293986 0
0.673377 0.232223 0.987236 0.016407 0.013642 0.065305 0
0.202037 0.726352 0.946916 0.702013 0.716687 0.319212 1
0.330754 0.713784 0.295439 0.552446 0.390393 0.110449 1
0.178743 0.729881 0.493079 0.496977 0.796606 0.846167 0
0.646724 0.645090 0.010658 0.630428 0.124701 0.987418 1
0.489677 0.887783 0.244990 0.081088 0.574237 0.057953 0
0.079870 0.919444 0.646218 0.894233 0.914141 0.028425 1
0.912158 0.889350 0.399742 0.416759 0.933671 0.549188 1
0.271665 0.899972 0.956968 0.521351 0.082330 0.184575 1
0.480789 0.713823 0.387290 0.799957 0.106130 0.995372 1
0.774067 0.987875 0.489042 0.472634 0.279604 0.179957 0
0.614206 0.930573 0.576837 0.221620 0.822008 0.360406 0
0.725189 0.527326 0.095987 0.613364 0.005657 0.571665 1
0.068493 0.449904 0.628816 0.395879 0.796627 0.787114 1
0.914749 0.688781 0.084807 0.121025 0.701044 0.985374 1
0.039838 0.961914 0.128555 0.942817 0.913701 0.552287 1
0.984663 0.663298 0.524718 0.669449 0.117221 0.108830 0
0.428207 0.710321 0.581295 0.517708 0.006071 0.034929 1
0.990585 0.228361 0.130058 0.195214 0.226579 0.943860 0
0.248302 0.974696 0.376335 0.630233 0.237782 0.223812 1
0.960061 0.947917 0.195644 0.858921 0.430809 0.385005 0
0.304341 0.266074 0.791039 0.547500 0.463980 0.642396 1
0.580411 0.439559 0.250049 0.075555 0.004918 0.689455 0
0.730171 0.253242 0.620121 0.173581 0.371392 0.250472 0
0.353564 0.180609 0.458182 0.252549 0.209293 0.733311 0
0.961512 0.387406 0.005625 0.427149 0.520705 0.601976 1
0.209033 0.449573 0.717780 0.936732 0.403813 0.957419 1
0.985902 0.842862 0.846498 0.553234 0.562463 0.216186 0
0.158627 0.635228 0.200483 0.288485 0.079913 0.717833 0
0.309149 0.623880 0.941205 0.073860 0.974661 0.163487 0
0.173048 0.263406 0.428215 0.684043 0.871778 0.646870 0
0.826783 0.609057 0.735156 0.018790 0.241571 0.389284 0
0.401465 0.617852 0.012845 0.486861 0.812337 0.552710 0
0.828220 0.817716 0.722631 0.468579 0.538405 0.668455 1
0.478826 0.456746 0.111248 0.396066 0.756501 0.926358 0
0.738017 0.878920 0.250197 0.731019 0.645276 0.883800 1
0.875557 0.746865 0.989936 0.985673 0.266166 0.753641 1
0.751387 0.861035 0.801646 0.509718 0.104006 0.444374 0
0.172122 0.043436 0.650697 0.844694 0.229595 0.673398 1
0.594842 0.859698 0.870739 0.355870 0.875908 0.190234 0
0.922703 0.457505 0.616060 0.591439 0.234548 0.163699 0
0.898825 0.252614 0.489692 0.108500 0.481059 0.533760 0
0.306823 0.159765 0.620015 0.758082 0.240234 0.296634 1
0.740988 0.734327 0.800968 0.992065 0.675627 0.145351 0
0.480329 0.607817 0.342756 0.241078 0.497404 0.253227 0
0.729691 0.994859 0.047296 0.746943 0.965320 0.944333 1
0.389363 0.807226 0.082896 0.478538 0.989849 0.647970 0
0.401216 0.365536 0.148942 0.995786 0.753662 0.305525 0
0.868703 0.830081 0.571083 0.089292 0.891009 0.944884 1
0.735178 0.661900 0.838376 0.776465 0.723130 0.733899 1
0.033696 0.770053 0.750741 0.412425 0.856782 0.289585 0
0.726472 0.142689 0.358540 0.443776 0.303395 0.043664 0
0.397590 0.994137 0.162682 0.972180 0.001128 0.489657 1
0.672972 0.241608 0.137091 0.381501 0.304645 0.290298 0
0.848277 0.842068 0.765998 0.269040 0.832805 0.197692 0
0.194053 0.200509 0.674620 0.049366 0.581426 0.506671 1
0.193649 0.519878 0.563662 0.385040 0.395856 0.553702 0
0.214691 0.907632 0.090175 0.722705 0.726638 0.497541 1
0.747372 0.675007 0.437436 0.573637 0.182051 0.124303 0
0.055080 0.894524 0.194979 0.014477 0.694911 0.146659 0
0.969707 0.818695 0.609912 0.465259 0.096945 0.957404 1
0.039160 0.479928 0.172736 0.280229 0.951001 0.509840 0
0.431707 0.591589 0.034542 0.252797 0.602989 0.185569 0
0.305209 0.318606 0.742292 0.540995 0.250378 0.326658 1
0.574962 0.209391 0.044309 0.747356 0.976846 0.631746 1
0.660654 0.086167 0.158354 0.970946 0.989568 0.861192 1
0.194084 0.858425 0.332175 0.184942 0.731012 0.341304 0
0.051719 0.533743 0.479530 0.292133 0.036186 0.477988 0
0.039406 0.993984 0.672427 0.784612 0.148916 0.799593 1
0.337269 0.471992 0.308287 0.273235 0.513537 0.885700 0
0.229112 0.859812 0.418576 0.300357 0.311192 0.879388 0
0.512302 0.987642 0.557864 0.939754 0.227412 0.321880 0
0.705967 0.611788 0.958320 0.769641 0.534259 0.600537 1
0.385669 0.773016 0.465269 0.026252 0.966678 0.879267 0
0.824344 0.261951 0.575195 0.715108 0.658778 0.349819 1
0.964023 0.274120 0.190925 0.456318 0.138692 0.551734 0
0.172102 0.196118 0.518345 0.846894 0.968727 0.835326 1
0.089588 0.768831 0.170008 0.805810 0.164208 0.831116 1
0.363191 0.674718 0.371025 0.282504 0.546444 0.751546 0
0.377070 0.947503 0.749661 0.679699 0.341270 0.339147 1
0.338444 0.690503 0.138527 0.939510 0.680183 0.496660 1
0.319250 0.913945 0.655048 0.588797 0.884476 0.379068 1
0.623765 0.905805 0.437416 0.587161 0.581480 0.633736 1
0.504173 0.902194 0.530222 0.376015 0.569381 0.707818 1
0.203750 0.047658 0.025316 0.362768 0.060181 0.247454 0
0.393021 0.834684 0.823732 0.185541 0.644515 0.480292 0
0.228216 0.252938 0.487428 0.700224 0.456482 0.462592 0
0.650711 0.268301 0.687784 0.843979 0.371176 0.305880 0
0.243626 0.862602 0.209361 0.514761 0.743097 0.932154 1
0.077809 0.694566 0.638309 0.120871 0.997164 0.972034 0
0.258880 0.288410 0.864300 0.103280 0.145770 0.735034 1
0.215094 0.289962 0.023748 0.040489 0.976462 0.319081 0
0.388581 0.251143 0.786038 0.183215 0.457859 0.933826 1
0.582428 0.310413 0.618395 0.151439 0.641854 0.120760 1
0.237949 0.619944 0.623571 0.314817 0.730384 0.142786 0
0.274435 0.111103 0.686748 0.972416 0.016605 0.297998 1
0.282072 0.840311 0.914075 0.937071 0.188872 0.185224 1
0.105454 0.901168 0.141041 0.934735 0.781075 0.563998 1
0.603890 0.716175 0.187338 0.804852 0.305231 0.359707 0
0.513582 0.439632 0.610293 0.339356 0.351851 0.294502 0
0.299956 0.937953 0.332159 0.167311 0.567453 0.263051 0
0.814232 0.769559 0.367263 0.599042 0.939651 0.870644 1
0.896326 0.254729 0.860689 0.253430 0.112255 0.885540 0
0.328773 0.256627 0.795255 0.055687 0.508530 0.795212 1
0.549558 0.757477 0.605002 0.428080 0.658290 0.138062 0
0.467578 0.332295 0.102927 0.695638 0.556658 0.350272 0
0.305138 0.331106 0.536958 0.513928 0.739966 0.501193 1
0.440278 0.370818 0.107284 0.499713 0.415426 0.541836 0
0.494543 0.704775 0.306180 0.848329 0.177228 0.586861 1
0.223538 0.648111 0.836051 0.438379 0.931157 0.539352 0
0.919332 0.077480 0.967543 0.350461 0.377831 0.353124 0
0.214660 0.586346 0.397184 0.534448 0.829219 0.938889 1
0.695248 0.457912 0.581198 0.795619 0.820069 0.753929 1
0.728198 0.915849 0.359004 0.627503 0.889740 0.272213 0
0.457614 0.331908 0.096454 0.704232 0.400703 0.144410 0
0.190424 0.382129 0.301058 0.799555 0.830766 0.044803 0
0.960105 0.950604 0.275625 0.066958 0.840928 0.540535 1
0.183676 0.547381 0.860895 0.378777 0.545525 0.284012 0
0.639555 0.069665 0.365747 0.971499 0.281050 0.171249 0
0.143877 0.032651 0.452138 0.656610 0.860645 0.895656 0
0.830768 0.726629 0.912739 0.824888 0.477893 0.617833 1
0.685501 0.392545 0.231124 0.823491 0.954286 0.281745 1
0.020064 0.127774 0.070642 0.583455 0.486347 0.758909 0
0.664728 0.133911 0.113379 0.852020 0.660048 0.568890 1
0.828591 0.267143 0.245699 0.353810 0.098149 0.459279 0
0.014000 0.290210 0.218680 0.163594 0.133808 0.956970 0
0.775932 0.107592 0.074847 0.023981 0.796899 0.671290 1
0.307718 0.461104 0.251825 0.565329 0.217127 0.809017 0
0.892664 0.837752 0.561826 0.837008 0.615200 0.864073 1
0.361041 0.367704 0.625301 0.038835 0.361817 0.084318 1
0.243732 0.592963 0.281144 0.710032 0.456435 0.183381 1
0.859782 0.851308 0.930901 0.111683 0.343236 0.336429 0
0.710554 0.042235 0.300266 0.135807 0.180323 0.064964 0
0.825837 0.970436 0.204514 0.370519 0.272926 0.315874 0
0.229440 0.924641 0.743587 0.140964 0.095474 0.968241 0
0.443233 0.628682 0.494118 0.066839 0.714539 0.405247 0
0.100414 0.560700 0.061098 0.160337 0.781957 0.823494 0
0.159811 0.793791 0.042388 0.689591 0.952564 0.405277 1
0.902606 0.231757 0.292374 0.278387 0.612467 0.715970 1
0.764568 0.904607 0.888480 0.045965 0.340394 0.125109 0
0.073130 0.835185 0.829256 0.971758 0.245557 0.818516 1
0.930599 0.141154 0.098795 0.329437 0.430861 0.822339 0
0.069306 0.515948 0.864490 0.262009 0.072221 0.743340 0
0.464034 0.051331 0.753669 0.622821 0.663524 0.457051 1
0.435981 0.436574 0.673761 0.543855 0.551230 0.706201 1
0.143610 0.625515 0.831700 0.567806 0.515747 0.408807 1
0.028636 0.645834 0.386729 0.033215 0.172494 0.558639 0
0.538603 0.642677 0.563342 0.066422 0.523432 0.112289 0
0.546966 0.131319 0.950342 0.807176 0.935504 0.234930 1
0.436911 0.292621 0.341194 0.249870 0.630007 0.307038 0
0.072888 0.748325 0.504053 0.869402 0.217107 0.845758 1
0.083173 0.296840 0.648479 0.401342 0.238722 0.674488 1
0.224738 0.369756 0.299000 0.613533 0.049108 0.323572 0
0.657182 0.912167 0.289025 0.588989 0.695744 0.842786 1
0.972094 0.123905 0.862425 0.091382 0.460115 0.425149 0
0.933989 0.710121 0.968363 0.393609 0.510681 0.642854 1
0.401341 0.320341 0.046737 0.413439 0.248919 0.060748 0
0.332645 0.823885 0.414258 0.164652 0.938326 0.618984 0
0.876039 0.744887 0.320407 0.062180 0.099638 0.142883 0
0.893415 0.986677 0.081607 0.667556 0.762441 0.993808 1
0.487343 0.114989 0.125356 0.159094 0.004520 0.613550 0
0.778353 0.080149 0.706579 0.594311 0.048763 0.179820 0
0.597328 0.598289 0.566581 0.834537 0.033204 0.958998 1
0.189684 0.027394 0.767736 0.824492 0.742485 0.739271 1
0.975172 0.388508 0.986106 0.010911 0.441412 0.144616 0
0.800624 0.503425 0.382415 0.191182 0.799115 0.646829 1
0.296553 0.059767 0.339177 0.821356 0.260465 0.051703 0
0.980148 0.351085 0.546136 0.681403 0.002014 0.474902 0
0.143008 0.047545 0.359485 0.407713 0.129170 0.978896 0
0.669491 0.825622 0.486834 0.070513 0.563847 0.163243 0
0.761185 0.780253 0.511176 0.671553 0.744118 0.375436 0
0.892630 0.954512 0.624330 0.586418 0.419581 0.914673 1
0.425283 0.415643 0.505228 0.044840 0.396965 0.115363 1
0.379287 0.228988 0.923155 0.445448 0.074539 0.783512 1
0.623659 0.833991 0.123204 0.021091 0.369679 0.084654 0
0.297189 0.725314 0.522733 0.544806 0.312948 0.824457 1
0.431539 0.253193 0.248701 0.055296 0.976382 0.132218 0
0.786247 0.053099 0.533208 0.766231 0.548241 0.918907 1
0.006969 0.431923 0.360455 0.889978 0.529810 0.300992 0
0.461660 0.120625 0.533338 0.292807 0.771445 0.836293 1
0.810901 0.748806 0.546918 0.126267 0.373066 0.989118 1
0.840158 0.744494 0.060376 0.428706 0.049214 0.654413 1
0.902326 0.202828 0.196798 0.361680 0.921028 0.112963 1
0.819152 0.693359 0.159690 0.624939 0.539040 0.772280 1
0.355490 0.037386 0.264373 0.295017 0.937616 0.225376 0
0.164228 0.845133 0.478231 0.745778 0.173012 0.254709 1
0.002637 0.590302 0.249072 0.100432 0.103806 0.014200 0
0.320441 0.324823 0.024807 0.127842 0.384849 0.506728 0
0.676217 0.084446 0.220418 0.299262 0.040842 0.974381 0
0.377184 0.660099 0.044508 0.595973 0.453977 0.287350 1
0.270451 0.574083 0.748843 0.917868 0.775765 0.937738 1
0.555252 0.892877 0.906006 0.164762 0.755275 0.452588 0
0.025732 0.056561 0.552519 0.918697 0.341476 0.725082 1
0.286901 0.762074 0.864564 0.236723 0.007838 0.054304 0
0.527008 0.550103 0.349809 0.413335 0.027296 0.597245 1
0.352571 0.154517 0.111079 0.188906 0.145729 0.105900 0
0.871036 0.425190 0.188839 0.250895 0.044574 0.507347 0
0.129378 0.788804 0.444838 0.173316 0.601758 0.127338 0
0.625725 0.264122 0.634085 0.077385 0.043545 0.550152 0
0.689750 0.089540 0.026696 0.104403 0.986006 0.154532 1
0.231371 0.929380 0.476157 0.812622 0.209239 0.849456 1
0.890594 0.663201 0.664376 0.577662 0.600822 0.371949 0
0.977650 0.783459 0.513994 0.825005 0.682982 0.084059 0
0.321854 0.633529 0.860896 0.690177 0.374699 0.069515 1
0.246809 0.152422 0.910696 0.494925 0.097668 0.543102 1
0.217266 0.046374 0.130409 0.943765 0.664200 0.432711 0
0.379830 0.569809 0.614534 0.625081 0.328095 0.874246 1
0.397480 0.654377 0.197396 0.837776 0.121921 0.623560 1
0.704659 0.536247 0.436163 0.002112 0.033383 0.421228 0
0.199858 0.322939 0.000546 0.064784 0.275741 0.849359 0
0.561136 0.429626 0.568867 0.862980 0.821797 0.135399 1
0.238062 0.894801 0.027368 0.135070 0.130271 0.839031 0
0.118904 0.595486 0.695326 0.071854 0.581317 0.787946 0
0.543095 0.791654 0.929669 0.313008 0.064206 0.202175 0
0.514677 0.091350 0.851334 0.947248 0.030671 0.308479 0
0.694858 0.773729 0.299248 0.686717 0.116958 0.716662 1
0.289631 0.837236 0.715664 0.796171 0.262645 0.904758 1
0.127124 0.949453 0.731699 0.819405 0.211314 0.876719 1
0.632872 0.490811 0.497872 0.176508 0.938905 0.706015 1
0.889520 0.042144 0.113395 0.890859 0.336715 0.608866 0
0.690799 0.748603 0.060140 0.249988 0.203651 0.539423 1
0.765994 0.744938 0.452365 0.568829 0.997286 0.279355 0
0.263222 0.122741 0.792178 0.514552 0.272453 0.708199 1
0.893906 0.626458 0.929646 0.865758 0.841992 0.213185 0
0.879173 0.160742 0.335062 0.612542 0.518146 0.554472 1
0.630171 0.124148 0.311644 0.998138 0.048952 0.567400 0
0.211430 0.134140 0.194449 0.033659 0.971981 0.835646 0
0.461616 0.701711 0.951105 0.808129 0.086718 0.794633 1
0.972477 0.108140 0.796357 0.000141 0.453066 0.602578 0
0.123399 0.341165 0.603489 0.229249 0.869332 0.866295 1
0.814071 0.036110 0.067975 0.842754 0.323406 0.079325 0
0.938023 0.508074 0.627768 0.834538 0.482734 0.631245 1
0.314488 0.249691 0.217221 0.233531 0.622024 0.458223 0
0.351673 0.631140 0.827901 0.311364 0.714024 0.610821 0
0.729035 0.193288 0.533117 0.978136 0.266931 0.657198 0
0.052137 0.695285 0.626853 0.054581 0.097551 0.614445 0
0.163666 0.137514 0.904135 0.776648 0.824392 0.065461 1
0.409941 0.652210 0.538345 0.739491 0.973023 0.081396 1
0.720557 0.036579 0.318026 0.972026 0.368266 0.846121 0
0.338237 0.469462 0.546341 0.496655 0.241829 0.979234 1
0.738815 0.802170 0.253290 0.347473 0.107582 0.751370 1
0.458335 0.651248 0.225969 0.169443 0.818538 0.648961 0
0.318053 0.440211 0.891997 0.573041 0.527049 0.670338 1
0.248042 0.992696 0.009267 0.867268 0.222786 0.951998 1
0.130869 0.223031 0.452557 0.911273 0.742743 0.378485 0
0.883878 0.641036 0.006101 0.128005 0.484599 0.714617 1
0.402298 0.137845 0.366545 0.191447 0.448105 0.424847 0
0.808554 0.356396 0.472808 0.290326 0.840848 0.904831 1
0.764691 0.615297 0.304725 0.741875 0.822698 0.245307 0
0.617055 0.041607 0.521804 0.831516 0.181890 0.885917 0
0.257075 0.976385 0.903608 0.584897 0.219209 0.426678 1
0.967887 0.282929 0.233746 0.569083 0.226114 0.216285 0
0.699283 0.982404 0.052859 0.500748 0.405385 0.239391 0
0.867291 0.277349 0.750674 0.806877 0.021142 0.163081 0
0.247535 0.644299 0.170918 0.938062 0.844274 0.396768 1
0.182905 0.253531 0.878027 0.390592 0.253391 0.608653 1
0.784856 0.219229 0.487318 0.781949 0.046470 0.732138 0
0.297605 0.606196 0.805720 0.766024 0.951871 0.223899 1
0.289130 0.853551 0.338590 0.175211 0.321176 0.231951 0
0.963730 0.455874 0.648941 0.938306 0.185347 0.020540 0
0.388681 0.377649 0.512532 0.010538 0.454429 0.959122 1
0.229335 0.338903 0.438022 0.448769 0.451718 0.684243 0
0.807685 0.155154 0.899686 0.789702 0.294807 0.203832 0
0.024086 0.092759 0.064683 0.385120 0.392823 0.791179 0
0.572831 0.579655 0.673902 0.166902 0.643383 0.620092 1
0.305301 0.033228 0.648572 0.422891 0.420829 0.470320 1
0.807811 0.852118 0.183792 0.085296 0.915165 0.508001 1
0.206211 0.025247 0.465522 0.641290 0.213965 0.052514 0
0.305676 0.782042 0.698379 0.023415 0.887312 0.416858 0
0.087417 0.722879 0.955620 0.796624 0.744269 0.938032 1
0.351715 0.811769 0.337976 0.622909 0.718641 0.806662 1
0.282541 0.164602 0.582004 0.822288 0.275535 0.483170 1
0.386055 0.253286 0.898013 0.342336 0.968982 0.691051 1
0.923881 0.998059 0.482407 0.212256 0.619692 0.409114 0
0.100122 0.177964 0.530844 0.952965 0.402440 0.999130 1
0.252729 0.862615 0.055869 0.211246 0.156292 0.373421 0
0.853537 0.644234 0.943761 0.193530 0.547089 0.847267 1
0.220766 0.794183 0.736418 0.209770 0.849019 0.886798 0
0.367147 0.397447 0.180990 0.647506 0.845929 0.320545 0
0.773252 0.313190 0.355569 0.608949 0.052815 0.133505 0
0.250074 0.175179 0.978663 0.619357 0.480696 0.032322 1
0.529038 0.973742 0.355780 0.231426 0.517590 0.302676 0
0.924960 0.110266 0.322064 0.005833 0.470192 0.119574 0
0.943286 0.243454 0.803149 0.452859 0.799531 0.662716 1
0.661410 0.597631 0.521461 0.648896 0.450307 0.505052 1
0.250995 0.888951 0.880113 0.784407 0.542414 0.347558 1
0.795811 0.756764 0.708524 0.147342 0.711857 0.262471 0
0.346000 0.944279 0.841314 0.306558 0.240478 0.755131 0
0.643702 0.053414 0.721547 0.731225 0.419725 0.462839 0
0.247895 0.271073 0.748812 0.578687 0.817930 0.311373 1
0.097012 0.776824 0.510480 0.828614 0.609246 0.544444 1
0.756865 0.831475 0.029306 0.018445 0.962979 0.477466 0
0.834513 0.163696 0.618006 0.846984 0.369171 0.784877 0
0.393453 0.397436 0.041926 0.416876 0.978251 0.585167 0
0.878094 0.082077 0.555436 0.677815 0.374632 0.930533 0
0.111342 0.297447 0.975436 0.580923 0.966846 0.777645 1
0.962196 0.531673 0.469229 0.669506 0.739490 0.576841 1
0.916805 0.427492 0.869701 0.389642 0.479764 0.032228 0
0.759188 0.753480 0.642596 0.813411 0.501269 0.164917 0
0.040416 0.494193 0.274657 0.945444 0.721137 0.809931 0
0.226236 0.559909 0.598086 0.056389 0.937648 0.123904 0
0.936884 0.460031 0.639827 0.867795 0.884743 0.939303 1
0.780984 0.416502 0.874084 0.676945 0.622394 0.072208 1
0.590023 0.936916 0.879487 0.809316 0.721291 0.939259 1
0.852088 0.410750 0.650851 0.354521 0.843598 0.072453 1
0.539114 0.044880 0.933280 0.953816 0.186678 0.999075 0
0.885881 0.301601 0.705704 0.388555 0.250433 0.263000 0
0.571359 0.140111 0.514768 0.196128 0.887511 0.534430 1
0.886203 0.786777 0.211239 0.649256 0.870697 0.426817 0
0.189021 0.794340 0.370370 0.064136 0.480822 0.357791 0
0.735161 0.473634 0.960539 0.568582 0.987613 0.788126 1
0.415977 0.815401 0.411147 0.998302 0.109326 0.808008 1
0.140563 0.358542 0.258814 0.141233 0.856608 0.894164 0
0.124379 0.490732 0.187166 0.409307 0.073621 0.984472 0
0.652070 0.741972 0.582953 0.318411 0.645327 0.106631 0
0.335539 0.717503 0.120347 0.665885 0.942059 0.966025 1
0.543009 0.679927 0.334877 0.581924 0.370476 0.191124 0
0.449937 0.034800 0.138301 0.813447 0.017836 0.451900 0
0.669271 0.026937 0.175423 0.107911 0.903896 0.565369 1
0.700397 0.098825 0.741257 0.592026 0.617568 0.003169 1
0.982492 0.805503 0.348746 0.580065 0.771993 0.589007 1
0.932593 0.195260 0.946926 0.189553 0.387946 0.547513 0
0.688699 0.805811 0.846053 0.941156 0.976687 0.345042 0
0.290649 0.607151 0.544440 0.696311 0.324602 0.601678 1
0.302463 0.812048 0.175128 0.443362 0.883268 0.271927 0
0.089986 0.982806 0.638493 0.677198 0.379389 0.811518 1
0.352175 0.685343 0.407820 0.415950 0.228621 0.025158 0
0.525840 0.727552 0.127982 0.145668 0.988736 0.517805 1
0.715971 0.666980 0.161823 0.476157 0.655880 0.980817 1
0.346146 0.413702 0.559911 0.770176 0.895893 0.360568 1
0.147728 0.150743 0.787755 0.277249 0.340336 0.298740 1
0.482038 0.347268 0.206784 0.126128 0.113508 0.112583 0
0.244288 0.010115 0.252712 0.701402 0.807277 0.133704 0
0.137716 0.958504 0.483331 0.177041 0.844435 0.855334 0
0.833645 0.636683 0.715139 0.658187 0.374491 0.794572 1
0.377946 0.795616 0.674094 0.255277 0.128990 0.913893 0
0.316757 0.471039 0.575571 0.468608 0.334717 0.526164 1
0.062651 0.599497 0.826857 0.601121 0.868980 0.814326 1
0.415143 0.527572 0.485713 0.804221 0.421503 0.858780 1
0.277340 0.396754 0.387805 0.907131 0.033461 0.324703 0
0.565337 0.305058 0.186843 0.850521 0.566786 0.836938 1
0.393721 0.547513 0.112610 0.170955 0.902340 0.102825 0
0.770259 0.197827 0.557916 0.637926 0.821293 0.486602 1
0.746037 0.985934 0.041536 0.738246 0.509399 0.953417 1
0.119743 0.840654 0.848495 0.738927 0.949071 0.537290 1
0.850582 0.454294 0.499315 0.968025 0.342581 0.407247 0
0.001412 0.498853 0.682538 0.911528 0.846296 0.485976 1
0.656633 0.845714 0.282820 0.365186 0.282519 0.820666 1
0.939989 0.060469 0.046879 0.812072 0.753728 0.272262 1
0.732846 0.002257 0.107316 0.335125 0.124490 0.267871 0
0.087709 0.427463 0.169204 0.249931 0.226007 0.832362 0
0.593608 0.269899 0.873972 0.144973 0.369107 0.903866 0
0.037413 0.477835 0.610611 0.624178 0.028112 0.998474 1
0.370956 0.462889 0.822428 0.622352 0.623815 0.132049 1
0.970436 0.205830 0.046931 0.433020 0.102003 0.201376 0
0.148627 0.778653 0.492236 0.284839 0.360084 0.406040 0
0.461745 0.733057 0.172433 0.030362 0.629227 0.864298 0
0.591393 0.005856 0.533850 0.911477 0.439594 0.490062 0
0.719662 0.074234 0.573544 0.657644 0.175400 0.862210 0
0.043974 0.987506 0.314038 0.338536 0.282564 0.239275 0
0.548931 0.490384 0.207423 0.533861 0.918163 0.293324 1
0.368350 0.407285 0.305954 0.991654 0.826964 0.628795 0
0.157527 0.944421 0.467127 0.221308 0.505565 0.797984 0
0.903873 0.251996 0.139292 0.837838 0.385536 0.680608 0
0.011007 0.475756 0.570391 0.158775 0.872904 0.413876 1
0.468160 0.021226 0.640468 0.958718 0.516663 0.682205 1
0.097468 0.410599 0.753600 0.213049 0.268985 0.588946 1
0.378467 0.824414 0.358479 0.340842 0.884740 0.890988 0
0.447690 0.884684 0.027015 0.018148 0.960687 0.430340 0
0.994176 0.815662 0.436823 0.701243 0.469678 0.422221 0
0.889655 0.784380 0.067141 0.077360 0.287724 0.325348 0
0.471426 0.807856 0.071537 0.460349 0.369578 0.371553 0
0.692692 0.594042 0.530974 0.563165 0.713140 0.212302 0
0.344234 0.068275 0.211624 0.309570 0.480859 0.073640 0
0.443400 0.912660 0.342327 0.067052 0.398635 0.991074 0
0.435881 0.027716 0.105294 0.972689 0.777273 0.402836 0
0.512962 0.382203 0.704287 0.333709 0.057105 0.118285 0
0.110404 0.423618 0.757456 0.672437 0.342887 0.393385 1
0.289911 0.886998 0.884932 0.444654 0.292644 0.770548 0
0.038783 0.253516 0.129260 0.168154 0.806364 0.347067 0
0.902969 0.860255 0.402657 0.491679 0.068709 0.775765 1
0.517999 0.100425 0.314135 0.044276 0.019679 0.565411 0
0.081972 0.003309 0.256924 0.823705 0.029624 0.999368 0
0.187356 0.191903 0.008367 0.643230 0.339159 0.184464 0
0.504180 0.503349 0.317023 0.147253 0.975310 0.302835 0
0.101947 0.072946 0.988947 0.661366 0.462522 0.341873 1
0.658463 0.174988 0.255296 0.428535 0.360032 0.903219 0
0.562718 0.333782 0.416075 0.094866 0.850160 0.084654 1
0.188461 0.117583 0.037709 0.882466 0.589511 0.898459 0
0.319472 0.936252 0.020962 0.614555 0.712406 0.734566 1
0.307123 0.853026 0.721016 0.551116 0.382538 0.846917 1
0.206159 0.779869 0.046119 0.834684 0.189938 0.207037 1
0.128040 0.249091 0.242590 0.637128 0.996847 0.718654 0
0.505187 0.535294 0.030987 0.668637 0.044252 0.316457 0
0.571318 0.290769 0.725862 0.383893 0.805142 0.903138 1
0.773094 0.269132 0.588380 0.796870 0.720586 0.622222 1
0.674019 0.074967 0.089192 0.095503 0.205060 0.547611 0
0.549326 0.075956 0.568772 0.976407 0.031319 0.960753 0
0.142788 0.719003 0.179886 0.804015 0.943407 0.384257 1
0.768551 0.228680 0.192435 0.943855 0.362564 0.666313 0
0.942430 0.450252 0.890503 0.975031 0.778650 0.340485 1
0.890212 0.649879 0.647966 0.889918 0.997905 0.027185 0
0.040159 0.556663 0.344421 0.482921 0.944673 0.477339 0
0.538387 0.923909 0.411991 0.862785 0.069781 0.364157 0
0.837450 0.250834 0.769449 0.445010 0.939542 0.101933 1
0.235055 0.642808 0.519818 0.418774 0.958604 0.912202 0
0.554890 0.966918 0.517964 0.396963 0.899626 0.384501 0
0.183191 0.601789 0.716045 0.821994 0.076767 0.177548 1
0.645142 0.969485 0.570193 0.680474 0.681092 0.828462 1
0.707261 0.345600 0.750746 0.929578 0.737235 0.820880 1
0.219403 0.674778 0.532469 0.779128 0.206707 0.272777 1
0.861979 0.386960 0.236217 0.653369 0.780669 0.879492 1
0.687900 0.781157 0.578932 0.223638 0.762802 0.751140 1
0.179528 0.746832 0.352722 0.929008 0.812383 0.873979 1
0.025511 0.574841 0.260071 0.961650 0.953964 0.514340 1
0.306557 0.568305 0.431708 0.819379 0.127160 0.700173 1
0.889482 0.073134 0.625088 0.039442 0.168553 0.369787 0
0.867461 0.258871 0.972575 0.726431 0.956681 0.530142 1
0.357849 0.286692 0.626645 0.648433 0.640491 0.086775 1
0.371714 0.527809 0.252705 0.135670 0.567817 0.132602 0
0.789280 0.151726 0.362757 0.729702 0.603019 0.407630 1
0.358067 0.404846 0.769076 0.675029 0.966631 0.756208 1
0.441033 0.726470 0.691567 0.570366 0.928302 0.786085 1
0.169371 0.879590 0.149892 0.977226 0.893503 0.664013 1
0.116351 0.479018 0.969774 0.389669 0.145306 0.614520 1
0.645054 0.701118 0.612725 0.974369 0.971109 0.410452 0
0.695012 0.076165 0.833524 0.316187 0.753311 0.710006 1
0.689804 0.200804 0.511101 0.184282 0.110029 0.693341 0
0.455221 0.888443 0.358125 0.043901 0.817100 0.824389 0
0.596548 0.744949 0.678519 0.166784 0.627056 0.306445 0
0.716708 0.242907 0.226902 0.379158 0.952789 0.545979 1
0.691071 0.419048 0.889516 0.849455 0.184935 0.957296 0
0.567735 0.533378 0.092573 0.585382 0.780704 0.189453 0
0.322388 0.522140 0.108898 0.281054 0.357922 0.378381 0
0.052208 0.964546 0.712440 0.427924 0.254661 0.685967 0
0.483747 0.435792 0.100402 0.117439 0.637081 0.331963 0
0.454402 0.111369 0.814727 0.178959 0.616098 0.016047 1
0.680881 0.097774 0.119173 0.860821 0.363586 0.942092 0
0.871274 0.519309 0.385936 0.375769 0.593173 0.047290 0
0.550506 0.690524 0.736008 0.121065 0.920100 0.204321 0
0.772687 0.033269 0.943535 0.686954 0.703419 0.318004 1
0.780485 0.950464 0.878842 0.127218 0.286800 0.883738 1
0.167775 0.276386 0.553704 0.674452 0.803053 0.431608 1
0.398782 0.350466 0.566407 0.226900 0.025036 0.624569 1
0.656189 0.720075 0.644599 0.907446 0.278756 0.496223 0
0.093655 0.065064 0.745791 0.642075 0.098549 0.405813 1
0.135651 0.721946 0.068511 0.801846 0.910453 0.277919 1
0.944822 0.540864 0.338597 0.847559 0.056386 0.319780 0
0.351639 0.325546 0.129831 0.563517 0.898981 0.965342 0
0.203690 0.056992 0.893359 0.098224 0.882537 0.213057 1
0.780165 0.233785 0.361358 0.392242 0.756016 0.067812 1
0.073258 0.686107 0.032580 0.446098 0.494037 0.048814 0
0.203254 0.430150 0.466876 0.719089 0.911152 0.570876 0
0.189182 0.597784 0.430145 0.286594 0.800197 0.412417 0
0.394869 0.030091 0.080392 0.010424 0.428083 0.119004 0
0.086096 0.326219 0.352024 0.289538 0.658756 0.247419 0
0.443349 0.124950 0.193380 0.695239 0.485512 0.168561 0
0.598453 0.329632 0.308843 0.215119 0.792542 0.074818 1
0.378461 0.306401 0.677710 0.449776 0.443058 0.107240 1
0.599296 0.237173 0.330491 0.662664 0.802150 0.815268 1
0.827309 0.086560 0.747902 0.969969 0.237561 0.980215 0
0.565746 0.091536 0.649149 0.288072 0.537508 0.391070 1
0.344651 0.659940 0.625427 0.499009 0.216201 0.032910 0
0.518421 0.604376 0.282429 0.415578 0.468393 0.674442 1
0.793652 0.375633 0.888133 0.882417 0.768800 0.360256 1
0.760770 0.758086 0.462118 0.684205 0.741208 0.065160 0
0.284923 0.918904 0.765756 0.643460 0.409218 0.675838 1
0.827840 0.941340 0.744596 0.646897 0.089419 0.809440 1
0.336908 0.162909 0.421277 0.391829 0.090580 0.293243 0
0.207028 0.137911 0.108716 0.019640 0.936141 0.398466 0
0.139357 0.486185 0.203549 0.680113 0.928712 0.063689 0
0.224610 0.034848 0.661726 0.885893 0.981385 0.760792 1
0.129346 0.680468 0.241330 0.965949 0.146067 0.616736 1
0.863369 0.811965 0.084076 0.546447 0.111762 0.472050 0
0.992615 0.377875 0.964003 0.010092 0.320354 0.003323 0
0.139469 0.843447 0.162420 0.730186 0.365988 0.831910 1
0.764114 0.932552 0.711546 0.061277 0.664125 0.126749 0
0.320632 0.739296 0.400683 0.333717 0.014931 0.534273 0
0.750548 0.427247 0.046024 0.542209 0.582805 0.040956 1
0.554806 0.918498 0.415992 0.664515 0.539002 0.519127 1
0.064109 0.406227 0.152941 0.481569 0.117260 0.263389 0
0.405289 0.781330 0.931404 0.200089 0.349140 0.456264 0
0.209175 0.244199 0.467023 0.444162 0.249795 0.360332 0
0.443245 0.820029 0.766254 0.021312 0.209300 0.626301 0
0.190741 0.327602 0.533572 0.269749 0.831400 0.044318 1
0.222194 0.589177 0.883142 0.513480 0.857260 0.018602 1
0.489092 0.260398 0.984306 0.923563 0.313151 0.140396 1
0.490249 0.355013 0.962432 0.719308 0.643206 0.418759 1
0.883404 0.541486 0.801715 0.602929 0.531933 0.504821 1
0.990729 0.025497 0.986309 0.676182 0.484412 0.277776 0
0.825771 0.831163 0.663805 0.565255 0.988602 0.875444 1
0.483898 0.388871 0.526626 0.303394 0.392743 0.698126 1
0.389646 0.601783 0.591994 0.264324 0.862388 0.226710 0
0.859729 0.565454 0.552795 0.885041 0.767037 0.682327 1
0.499856 0.882667 0.590667 0.180327 0.374195 0.444207 0
0.990794 0.342699 0.219904 0.945174 0.797168 0.744976 1
0.654835 0.090389 0.253595 0.901872 0.645491 0.202357 1
0.935775 0.248087 0.781413 0.018388 0.808340 0.688560 1
0.238563 0.421434 0.087491 0.980261 0.950639 0.282617 0
0.040448 0.288378 0.415354 0.950025 0.558482 0.661323 0
0.421065 0.404883 0.827716 0.255671 0.654566 0.875094 1
0.188565 0.878101 0.161421 0.641496 0.254695 0.976435 1
0.520534 0.768469 0.792988 0.989421 0.168137 0.543767 1
0.511934 0.255534 0.408349 0.418124 0.661269 0.107887 1
0.770343 0.701952 0.325415 0.544431 0.497561 0.524587 1
0.835390 0.150311 0.541881 0.397414 0.272493 0.754412 0
0.386262 0.080029 0.220310 0.546181 0.841900 0.142586 0
0.836066 0.182099 0.118600 0.768132 0.223750 0.150390 0
0.361474 0.738917 0.773191 0.187977 0.152955 0.351824 0
0.241160 0.450642 0.157733 0.802945 0.182934 0.175352 0
0.964250 0.649041 0.378125 0.411727 0.617300 0.815114 1
0.274953 0.078223 0.557514 0.831528 0.200231 0.237281 1
0.687830 0.341360 0.870696 0.634702 0.174788 0.817732 0
0.653394 0.044544 0.086445 0.648556 0.522182 0.152242 1
0.162038 0.965478 0.163778 0.407208 0.199891 0.371765 0
0.048385 0.630993 0.928640 0.493325 0.954456 0.920149 0
0.718823 0.003547 0.357040 0.488010 0.491334 0.557694 0
0.146207 0.364657 0.854621 0.549436 0.023269 0.115590 1
0.170443 0.772939 0.988327 0.469712 0.308527 0.251301 0
0.627536 0.852512 0.480847 0.612231 0.067940 0.139394 0
0.280955 0.512668 0.881648 0.053458 0.098268 0.639508 0
0.650377 0.057873 0.110454 0.971990 0.238480 0.909473 0
0.051241 0.916097 0.201760 0.975239 0.270761 0.759054 1
0.352895 0.091556 0.892969 0.078609 0.528157 0.046293 1
0.924706 0.221990 0.008186 0.954902 0.701419 0.277370 1
0.737036 0.293712 0.406093 0.337276 0.783694 0.505320 1
0.616206 0.416541 0.425010 0.421611 0.463417 0.768652 0
0.547117 0.329044 0.593109 0.588386 0.300472 0.075707 0
0.412976 0.865519 0.788777 0.079450 0.363944 0.162829 0
0.625512 0.740426 0.727390 0.243036 0.013506 0.970627 1
0.210408 0.409936 0.522244 0.455528 0.610098 0.270773 1
0.678497 0.203687 0.874947 0.307639 0.975973 0.732624 1
0.977039 0.931025 0.853360 0.750279 0.302703 0.311990 0
0.315749 0.472005 0.876099 0.886282 0.652283 0.632347 1
0.522581 0.660355 0.769045 0.289535 0.637759 0.061564 0
0.416646 0.197322 0.836193 0.642269 0.922282 0.770075 1
0.673066 0.032131 0.613803 0.164363 0.691058 0.388577 1
0.013425 0.712931 0.583749 0.071552 0.801146 0.626870 0
0.690776 0.125484 0.515114 0.445880 0.255748 0.596043 0
0.295672 0.297452 0.519725 0.562028 0.358975 0.656355 1
0.075392 0.306043 0.685385 0.169162 0.927834 0.204769 1
0.547235 0.947963 0.121066 0.075499 0.209552 0.804375 1
0.691599 0.263038 0.484152 0.262357 0.937691 0.923124 1
0.885297 0.888167 0.887549 0.499844 0.353273 0.138917 0
0.308097 0.906006 0.238092 0.436878 0.760773 0.177836 0
0.056750 0.058730 0.383372 0.081063 0.628629 0.012325 0
0.945605 0.576728 0.027221 0.096031 0.978334 0.661199 1
0.324698 0.365985 0.468530 0.376754 0.907958 0.723260 0
0.061583 0.995274 0.473942 0.882937 0.098697 0.733089 1
0.263953 0.080435 0.419868 0.257405 0.901653 0.277479 0
0.542877 0.165504 0.252236 0.383929 0.524859 0.997168 1
0.541049 0.638534 0.157708 0.361859 0.282137 0.402222 0
0.141375 0.058406 0.542457 0.896375 0.954945 0.662515 1
0.927521 0.627683 0.319713 0.435899 0.847283 0.071558 0
0.641833 0.666586 0.510717 0.604956 0.268827 0.694603 1
0.316985 0.766863 0.880934 0.212246 0.577045 0.433076 0
0.026363 0.379572 0.327697 0.972132 0.587930 0.483869 0
0.288810 0.009636 0.369129 0.283331 0.879289 0.801479 0
0.657801 0.669412 0.505647 0.463079 0.328590 0.672023 1
0.093327 0.235858 0.064652 0.471428 0.395569 0.098067 0
0.172269 0.856529 0.503868 0.161302 0.382661 0.792614 0
0.553926 0.072681 0.477161 0.683108 0.055400 0.496257 0
0.479410 0.335384 0.623843 0.747403 0.016660 0.567295 1
0.778443 0.437697 0.763698 0.283563 0.524890 0.714571 1
0.033836 0.325674 0.901006 0.208975 0.205645 0.890310 1
0.478446 0.894921 0.633816 0.271794 0.013584 0.344561 0
0.872445 0.337592 0.172493 0.430279 0.180828 0.219233 0
0.534201 0.051422 0.528736 0.438754 0.000459 0.964792 0
0.841595 0.117227 0.707812 0.163376 0.821125 0.781194 1
0.089484 0.743355 0.152374 0.080007 0.260914 0.245254 0
0.157681 0.591629 0.669450 0.708264 0.627748 0.998725 1
0.375176 0.585256 0.142031 0.694958 0.231250 0.169844 1
0.046057 0.820482 0.941036 0.467994 0.074581 0.983746 0
0.463116 0.064136 0.607633 0.799992 0.069917 0.059857 1
0.296148 0.725759 0.840877 0.822304 0.843573 0.489216 1
0.682423 0.790450 0.255424 0.617571 0.439742 0.817334 1
0.447964 0.421491 0.820799 0.822729 0.061904 0.318144 1
0.481301 0.277287 0.535241 0.302732 0.726552 0.593549 1
0.389542 0.432905 0.594315 0.447422 0.102417 0.441246 1
0.616064 0.910053 0.489288 0.103872 0.594030 0.721128 1
0.106076 0.589507 0.240187 0.429341 0.738360 0.516520 0
0.513172 0.181543 0.888608 0.818906 0.776396 0.311207 1
0.135273 0.407430 0.636886 0.417343 0.435533 0.466724 1
0.214747 0.720946 0.839629 0.061288 0.949983 0.455834 0
0.396931 0.048191 0.692279 0.751732 0.019079 0.854240 1
0.039696 0.185015 0.814573 0.174723 0.782923 0.839688 1
0.579558 0.468449 0.737427 0.269477 0.865246 0.344796 1
0.852762 0.233002 0.854950 0.393176 0.153687 0.331072 0
0.411179 0.174959 0.641304 0.904192 0.148693 0.489677 1
0.508621 0.545561 0.864009 0.416696 0.239959 0.651847 1
0.620520 0.099581 0.545962 0.278470 0.269516 0.703420 0
0.686599 0.356452 0.332151 0.687829 0.481204 0.657512 0
0.971936 0.936652 0.976491 0.441301 0.929670 0.600251 1
0.224249 0.871431 0.573925 0.206296 0.605541 0.297131 0
0.034288 0.520056 0.498770 0.049698 0.564533 0.920817 0
0.804558 0.952317 0.157686 0.965667 0.853303 0.889319 1
0.247068 0.233706 0.613553 0.260338 0.640847 0.678391 1
0.113072 0.888319 0.893995 0.506647 0.155028 0.343698 1
0.217451 0.172239 0.365534 0.132590 0.484770 0.114744 0
0.940981 0.032492 0.707414 0.366765 0.506240 0.779231 1
0.850979 0.789354 0.002236 0.437092 0.132120 0.063527 0
0.859335 0.886625 0.997055 0.734102 0.451872 0.474671 0
0.703609 0.150476 0.334616 0.230952 0.743031 0.479493 1
0.895910 0.824176 0.233739 0.375514 0.441432 0.960200 1
0.599198 0.128858 0.368410 0.588744 0.141243 0.135166 0
0.585805 0.500747 0.871296 0.550413 0.858706 0.233303 0
0.217651 0.121829 0.763265 0.199912 0.046968 0.644041 1
0.773205 0.126419 0.183141 0.122577 0.162856 0.031563 0
0.454696 0.126978 0.817476 0.844747 0.699042 0.592376 1
0.591469 0.075933 0.472980 0.413484 0.027803 0.191589 0
0.855645 0.736926 0.203836 0.359973 0.694788 0.372703 0
0.252754 0.472177 0.164684 0.299245 0.715506 0.041766 0
0.925927 0.771194 0.056378 0.276016 0.420444 0.143936 0
0.877816 0.259958 0.813680 0.809259 0.044597 0.633348 0
0.125962 0.542324 0.532996 0.278532 0.552051 0.290144 0
0.400187 0.891756 0.320569 0.111824 0.514670 0.022266 0
0.237093 0.126482 0.879924 0.450959 0.448255 0.933494 1
0.914912 0.253880 0.562432 0.110357 0.522192 0.028317 1
0.213625 0.993427 0.167402 0.964183 0.318647 0.147232 1
0.173518 0.396477 0.030211 0.665472 0.217570 0.155797 0
0.415148 0.056744 0.939300 0.015860 0.214097 0.716128 1
0.882512 0.949785 0.970628 0.355513 0.566154 0.460551 0
0.501038 0.662113 0.780231 0.307243 0.281486 0.265942 0
0.241744 0.940683 0.098093 0.212391 0.562895 0.608291 0
0.104549 0.004072 0.440473 0.383387 0.854202 0.338990 0
0.466385 0.066164 0.285170 0.682543 0.009195 0.267228 0
0.239609 0.529031 0.664460 0.077863 0.054638 0.571951 0
0.641891 0.524197 0.237750 0.338151 0.357975 0.478196 0
0.897311 0.099340 0.700111 0.586022 0.189764 0.397474 0
0.205078 0.192997 0.934187 0.926746 0.568097 0.496786 1
0.899446 0.523856 0.219340 0.114937 0.215350 0.419428 0