
0.803662 0.981136 0.369132 0.498354 0.067417 0.422276 0
0.193649 0.519878 0.563662 0.385040 0.395856 0.553702 0
0.353233 0.059994 0.534671 0.952161 0.245603 0.661871 1
0.807844 0.065858 0.878722 0.467325 0.743167 0.179488 1
0.080759 0.547340 0.385102 0.297765 0.033439 0.389591 0
0.852762 0.233002 0.854950 0.393176 0.153687 0.331072 0
0.990439 0.024766 0.840315 0.781559 0.989145 0.590250 1
0.789280 0.151726 0.362757 0.729702 0.603019 0.407630 1
0.043634 0.000459 0.393417 0.849023 0.507342 0.440948 0
0.157783 0.039594 0.636134 0.853263 0.446433 0.816156 1
0.831422 0.387378 0.265973 0.020566 0.570112 0.102036 1
0.474762 0.814433 0.710705 0.154202 0.160961 0.120790 0
0.223385 0.245726 0.549084 0.242753 0.152291 0.435995 1
0.172154 0.122386 0.508996 0.645416 0.622478 0.522734 1
0.359798 0.052724 0.060253 0.499422 0.733064 0.267465 0
0.619274 0.189138 0.406118 0.232300 0.459636 0.659042 0
0.639527 0.501506 0.979046 0.943030 0.201164 0.457331 0
0.208213 0.910542 0.953414 0.671509 0.290860 0.865424 1
0.393453 0.397436 0.041926 0.416876 0.978251 0.585167 0
0.352840 0.019615 0.162845 0.642887 0.602894 0.904657 0
0.375133 0.267069 0.728082 0.972202 0.718709 0.408076 1
0.795811 0.756764 0.708524 0.147342 0.711857 0.262471 0
0.047895 0.712569 0.955355 0.568113 0.128960 0.860783 1
0.123399 0.341165 0.603489 0.229249 0.869332 0.866295 1
0.284762 0.911175 0.355780 0.923674 0.514343 0.805962 1
0.239609 0.529031 0.664460 0.077863 0.054638 0.571951 0
0.289130 0.853551 0.338590 0.175211 0.321176 0.231951 0
0.384724 0.593798 0.125148 0.100025 0.899154 0.751918 0
0.072888 0.748325 0.504053 0.869402 0.217107 0.845758 1
0.542845 0.895434 0.427314 0.508583 0.329240 0.844736 1
0.261068 0.247908 0.310235 0.496927 0.421863 0.861802 0
0.174037 0.174472 0.186228 0.405183 0.047277 0.374637 0
0.339091 0.275485 0.075566 0.879784 0.924691 0.148136 0
0.228510 0.716542 0.051951 0.476475 0.469443 0.355583 0
0.183961 0.427054 0.455724 0.374900 0.841133 0.666640 0
0.799760 0.817405 0.894587 0.461287 0.973770 0.254942 0
0.935059 0.361923 0.376521 0.870782 0.720704 0.623521 1
0.239174 0.480799 0.128249 0.558850 0.416688 0.854294 0
0.754956 0.935551 0.719092 0.983202 0.522552 0.389685 0
0.314488 0.249691 0.217221 0.233531 0.622024 0.458223 0
0.223538 0.648111 0.836051 0.438379 0.931157 0.539352 0
0.243732 0.592963 0.281144 0.710032 0.456435 0.183381 1
0.375112 0.317058 0.300178 0.715816 0.834361 0.786238 0
0.918165 0.973306 0.894016 0.915598 0.784268 0.261158 0
0.533211 0.030133 0.761857 0.669567 0.903450 0.650101 1
0.080362 0.035768 0.520228 0.656891 0.241443 0.064307 1
0.911148 0.234961 0.039937 0.564123 0.923804 0.402955 1
0.973098 0.021951 0.082281 0.211596 0.382424 0.288476 0
0.876039 0.744887 0.320407 0.062180 0.099638 0.142883 0
0.376623 0.626677 0.985422 0.909054 0.888558 0.398365 1
0.574573 0.846339 0.945846 0.682427 0.599739 0.956209 1
0.786247 0.053099 0.533208 0.766231 0.548241 0.918907 1
0.461483 0.344937 0.701807 0.119315 0.633302 0.325637 1
0.814071 0.036110 0.067975 0.842754 0.323406 0.079325 0
0.527008 0.550103 0.349809 0.413335 0.027296 0.597245 1
0.652070 0.741972 0.582953 0.318411 0.645327 0.106631 0
0.187356 0.191903 0.008367 0.643230 0.339159 0.184464 0
0.079870 0.919444 0.646218 0.894233 0.914141 0.028425 1
0.616206 0.416541 0.425010 0.421611 0.463417 0.768652 0
0.863313 0.368604 0.703122 0.188429 0.295814 0.358591 0
0.889520 0.042144 0.113395 0.890859 0.336715 0.608866 0
0.067317 0.804039 0.686859 0.957869 0.572379 0.351743 1
0.379507 0.358194 0.466072 0.945494 0.377742 0.598394 0
0.960061 0.947917 0.195644 0.858921 0.430809 0.385005 0
0.962196 0.531673 0.469229 0.669506 0.739490 0.576841 1
0.110768 0.192788 0.903153 0.033028 0.634472 0.516733 1
0.293291 0.832718 0.910606 0.254581 0.880108 0.080404 0
0.147728 0.150743 0.787755 0.277249 0.340336 0.298740 1
0.325505 0.613098 0.785858 0.516854 0.274867 0.373144 1
0.040602 0.951995 0.433059 0.733258 0.805332 0.771230 1
0.039160 0.479928 0.172736 0.280229 0.951001 0.509840 0
0.135651 0.721946 0.068511 0.801846 0.910453 0.277919 1
0.243493 0.726105 0.433715 0.177424 0.705072 0.686156 0
0.666985 0.613706 0.727950 0.137046 0.218014 0.673549 1
0.039838 0.961914 0.128555 0.942817 0.913701 0.552287 1
0.319472 0.936252 0.020962 0.614555 0.712406 0.734566 1
0.853676 0.861009 0.809062 0.191420 0.149629 0.251733 0
0.413456 0.539293 0.690883 0.751103 0.274134 0.204435 1
0.631515 0.507712 0.129180 0.318823 0.658417 0.350802 0
0.377946 0.795616 0.674094 0.255277 0.128990 0.913893 0
0.940557 0.172452 0.696899 0.284941 0.093633 0.038025 0
0.304718 0.599743 0.480745 0.567237 0.687622 0.067292 1
0.247895 0.271073 0.748812 0.578687 0.817930 0.311373 1
0.435981 0.436574 0.673761 0.543855 0.551230 0.706201 1
0.534431 0.978215 0.418235 0.311449 0.113182 0.454609 0
0.496483 0.032185 0.661072 0.331801 0.380584 0.644550 1
0.786307 0.594163 0.637285 0.547778 0.313464 0.052941 0
0.041684 0.127228 0.425867 0.568199 0.260164 0.870890 0
0.056122 0.534902 0.706767 0.214347 0.969316 0.980510 0
0.203750 0.047658 0.025316 0.362768 0.060181 0.247454 0
0.627536 0.852512 0.480847 0.612231 0.067940 0.139394 0
0.694858 0.773729 0.299248 0.686717 0.116958 0.716662 1
0.209529 0.526732 0.904352 0.302710 0.305204 0.065128 0
0.862485 0.272440 0.426403 0.737966 0.648718 0.360375 1
0.345257 0.592942 0.455223 0.528002 0.588701 0.541751 1
0.321854 0.633529 0.860896 0.690177 0.374699 0.069515 1
0.124030 0.348037 0.142739 0.968298 0.052564 0.811460 0
0.871365 0.908855 0.305270 0.484572 0.214974 0.243772 0
0.743455 0.921667 0.809598 0.282575 0.681106 0.758486 1
0.879074 0.945526 0.490817 0.724198 0.588247 0.464223 0
0.043974 0.987506 0.314038 0.338536 0.282564 0.239275 0
0.462845 0.561792 0.488240 0.575160 0.966782 0.154621 1
0.075392 0.306043 0.685385 0.169162 0.927834 0.204769 1
0.178265 0.691960 0.997889 0.404436 0.052730 0.811467 0
0.821735 0.765074 0.355585 0.856365 0.865267 0.360882 0
0.475163 0.602647 0.602427 0.084778 0.569440 0.681795 0
0.806012 0.639974 0.541472 0.774136 0.572396 0.457725 0
0.183191 0.601789 0.716045 0.821994 0.076767 0.177548 1
0.814232 0.769559 0.367263 0.599042 0.939651 0.870644 1
0.826783 0.609057 0.735156 0.018790 0.241571 0.389284 0
0.337269 0.471992 0.308287 0.273235 0.513537 0.885700 0
0.876380 0.357099 0.981708 0.377591 0.922989 0.968304 1
0.723269 0.518201 0.906904 0.072399 0.420582 0.777700 1
0.936884 0.460031 0.639827 0.867795 0.884743 0.939303 1
0.438927 0.567169 0.487339 0.142890 0.927695 0.307911 0
0.879523 0.854384 0.069039 0.772581 0.108115 0.022441 0
0.949683 0.026709 0.603088 0.962474 0.928800 0.607449 1
0.061284 0.065162 0.364435 0.418315 0.298807 0.591986 0
0.871050 0.959529 0.890912 0.711322 0.903582 0.236169 0
0.694449 0.327773 0.940675 0.718817 0.255991 0.774556 0
0.490249 0.355013 0.962432 0.719308 0.643206 0.418759 1
0.236715 0.731420 0.862777 0.706617 0.668165 0.244241 1
0.101947 0.072946 0.988947 0.661366 0.462522 0.341873 1
0.923453 0.660986 0.794168 0.261043 0.771422 0.971827 1
0.694320 0.706450 0.881219 0.521047 0.036986 0.547594 1
0.780984 0.416502 0.874084 0.676945 0.622394 0.072208 1
0.246504 0.576782 0.935963 0.921748 0.466558 0.834205 1
0.623879 0.045753 0.544204 0.587346 0.432014 0.137168 0
0.483134 0.922764 0.467541 0.549871 0.325656 0.119611 1
0.679086 0.269116 0.179835 0.545530 0.441989 0.609870 0
0.958271 0.024777 0.717593 0.120139 0.822834 0.617817 1
0.360313 0.583247 0.141358 0.215767 0.202043 0.561835 0
0.356487 0.297195 0.470099 0.545175 0.458233 0.290457 0
0.861256 0.875508 0.733876 0.554452 0.798790 0.177900 0
0.516587 0.297708 0.255213 0.428493 0.495279 0.181433 0
0.598453 0.329632 0.308843 0.215119 0.792542 0.074818 1
0.259497 0.976897 0.650687 0.786232 0.103955 0.962442 1
0.805472 0.258408 0.185761 0.040703 0.948631 0.250679 1
0.619733 0.653880 0.766709 0.849269 0.142200 0.527296 1
0.421065 0.404883 0.827716 0.255671 0.654566 0.875094 1
0.086096 0.326219 0.352024 0.289538 0.658756 0.247419 0
0.401216 0.365536 0.148942 0.995786 0.753662 0.305525 0
0.828220 0.817716 0.722631 0.468579 0.538405 0.668455 1
0.750548 0.427247 0.046024 0.542209 0.582805 0.040956 1
0.702470 0.081498 0.631350 0.037120 0.869340 0.040927 1
0.618726 0.921975 0.887799 0.902059 0.676134 0.201549 0
0.549712 0.079732 0.979292 0.603710 0.434900 0.656873 0
0.494543 0.704775 0.306180 0.848329 0.177228 0.586861 1
0.056140 0.279976 0.579035 0.035140 0.700218 0.680151 1
0.916805 0.427492 0.869701 0.389642 0.479764 0.032228 0
0.186736 0.055069 0.520339 0.149439 0.449628 0.754750 1
0.513641 0.420638 0.310925 0.013509 0.495849 0.068305 0
0.210408 0.409936 0.522244 0.455528 0.610098 0.270773 1
0.517999 0.100425 0.314135 0.044276 0.019679 0.565411 0
0.048385 0.630993 0.928640 0.493325 0.954456 0.920149 0
0.764568 0.904607 0.888480 0.045965 0.340394 0.125109 0
0.560664 0.922772 0.971258 0.414362 0.280979 0.275305 0
0.280654 0.963371 0.751058 0.405392 0.230307 0.888804 0
0.063004 0.997021 0.475824 0.314562 0.724569 0.902889 0
0.179030 0.604212 0.437830 0.403661 0.187995 0.655812 0
0.100824 0.169495 0.536973 0.685124 0.454727 0.751553 1
0.978966 0.757383 0.913451 0.971467 0.508580 0.974710 1
0.295672 0.297452 0.519725 0.562028 0.358975 0.656355 1
0.589595 0.156865 0.443441 0.713401 0.375667 0.789732 0
0.561147 0.512174 0.712181 0.217894 0.140753 0.160803 0
0.102954 0.215977 0.164344 0.748130 0.907414 0.006646 0
0.601462 0.826060 0.293996 0.600889 0.580117 0.179842 0
0.517099 0.729939 0.941408 0.073095 0.505120 0.422606 0
0.338989 0.756001 0.160137 0.689676 0.227128 0.621219 1
0.344797 0.826035 0.158075 0.636325 0.654719 0.946697 1
0.941847 0.359166 0.076265 0.622468 0.152088 0.433733 0
0.747372 0.675007 0.437436 0.573637 0.182051 0.124303 0
0.008094 0.585943 0.593535 0.855665 0.255951 0.669784 1
0.089588 0.768831 0.170008 0.805810 0.164208 0.831116 1
0.046284 0.067828 0.341184 0.529409 0.968668 0.312517 0
0.289911 0.886998 0.884932 0.444654 0.292644 0.770548 0
0.297605 0.606196 0.805720 0.766024 0.951871 0.223899 1
0.305782 0.761556 0.364624 0.467166 0.211360 0.742285 0
0.692692 0.594042 0.530974 0.563165 0.713140 0.212302 0
0.026363 0.379572 0.327697 0.972132 0.587930 0.483869 0
0.834947 0.326277 0.198898 0.616551 0.625446 0.379700 1
0.407772 0.934916 0.018578 0.261997 0.042759 0.875648 0
0.012666 0.601240 0.593388 0.244422 0.337848 0.253719 0
0.841971 0.978918 0.020010 0.028133 0.741860 0.435398 0
0.087417 0.722879 0.955620 0.796624 0.744269 0.938032 1
0.931371 0.899833 0.294774 0.109170 0.632168 0.956848 1
0.073658 0.457212 0.321724 0.910400 0.592731 0.631963 0
0.127958 0.905540 0.907636 0.900331 0.403195 0.152526 1
0.976901 0.792764 0.170518 0.326876 0.256853 0.263130 0
0.518421 0.604376 0.282429 0.415578 0.468393 0.674442 1
0.083173 0.296840 0.648479 0.401342 0.238722 0.674488 1
0.162897 0.028528 0.377855 0.591612 0.267576 0.127991 0
0.543009 0.679927 0.334877 0.581924 0.370476 0.191124 0
0.758729 0.486180 0.801113 0.247853 0.954359 0.053835 1
0.207028 0.137911 0.108716 0.019640 0.936141 0.398466 0
0.778353 0.080149 0.706579 0.594311 0.048763 0.179820 0
0.013281 0.288612 0.437922 0.753084 0.996978 0.445100 0
0.670660 0.137960 0.956264 0.489069 0.638742 0.947277 1
0.536891 0.351508 0.009629 0.173462 0.015147 0.773433 0
0.505187 0.535294 0.030987 0.668637 0.044252 0.316457 0
0.393021 0.834684 0.823732 0.185541 0.644515 0.480292 0
0.290649 0.607151 0.544440 0.696311 0.324602 0.601678 1
0.206159 0.779869 0.046119 0.834684 0.189938 0.207037 1
0.751387 0.861035 0.801646 0.509718 0.104006 0.444374 0
0.308586 0.318373 0.104151 0.589173 0.260758 0.973223 0
0.081035 0.430665 0.076326 0.402464 0.459103 0.458053 0
0.347195 0.400200 0.084097 0.230735 0.546713 0.168793 0
0.476241 0.285462 0.666035 0.980228 0.444188 0.820874 1
0.139577 0.221151 0.576990 0.161027 0.347396 0.697687 1
0.883404 0.541486 0.801715 0.602929 0.531933 0.504821 1
0.275237 0.506030 0.982449 0.270208 0.005190 0.147558 0
0.180148 0.545915 0.425270 0.400798 0.699822 0.900461 0
0.479410 0.335384 0.623843 0.747403 0.016660 0.567295 1
0.349342 0.713251 0.220032 0.360715 0.302568 0.360421 0
0.041538 0.297477 0.243839 0.606890 0.306080 0.334509 0
0.332506 0.115671 0.630674 0.014175 0.533176 0.242812 1
0.282560 0.112816 0.896770 0.267195 0.437509 0.539330 1
0.697601 0.909173 0.320353 0.764168 0.972971 0.486553 0
0.306823 0.159765 0.620015 0.758082 0.240234 0.296634 1
0.718486 0.535387 0.956534 0.016771 0.251022 0.224690 0
0.678497 0.203687 0.874947 0.307639 0.975973 0.732624 1
0.906903 0.637785 0.294039 0.274912 0.486594 0.220993 0
0.502030 0.960858 0.281481 0.885549 0.929803 0.554850 1
0.410652 0.209197 0.533539 0.691759 0.361874 0.968804 1
0.680881 0.097774 0.119173 0.860821 0.363586 0.942092 0
0.127124 0.949453 0.731699 0.819405 0.211314 0.876719 1
0.699283 0.982404 0.052859 0.500748 0.405385 0.239391 0
0.282072 0.840311 0.914075 0.937071 0.188872 0.185224 1
0.272353 0.119858 0.424043 0.557503 0.226881 0.108350 0
0.195607 0.199790 0.055530 0.804627 0.072930 0.208360 0
0.414493 0.869210 0.275601 0.006817 0.602609 0.390297 0
0.304761 0.749919 0.135563 0.952947 0.691742 0.227061 1
0.094564 0.069717 0.911550 0.741059 0.429928 0.935478 1
0.881408 0.310345 0.250884 0.689350 0.850870 0.335988 1
0.693676 0.776058 0.641915 0.932928 0.428983 0.532656 1
0.715971 0.666980 0.161823 0.476157 0.655880 0.980817 1
0.987712 0.107264 0.876824 0.652079 0.495635 0.623584 0
0.919332 0.077480 0.967543 0.350461 0.377831 0.353124 0
0.353564 0.180609 0.458182 0.252549 0.209293 0.733311 0
0.980543 0.338501 0.316526 0.593573 0.575266 0.696177 1
0.381083 0.028928 0.917557 0.958405 0.776396 0.575451 1
0.712887 0.167349 0.185168 0.301979 0.417932 0.825037 0
0.890212 0.649879 0.647966 0.889918 0.997905 0.027185 0
0.203254 0.430150 0.466876 0.719089 0.911152 0.570876 0
0.650377 0.057873 0.110454 0.971990 0.238480 0.909473 0
0.779619 0.141268 0.195353 0.750506 0.461410 0.551627 0
0.108468 0.059595 0.520871 0.545347 0.994616 0.417730 1
0.411179 0.174959 0.641304 0.904192 0.148693 0.489677 1
0.335539 0.717503 0.120347 0.665885 0.942059 0.966025 1
0.719623 0.735808 0.126073 0.166291 0.684588 0.571236 1
0.822867 0.411317 0.005857 0.552520 0.556199 0.654730 1
0.031150 0.263672 0.984192 0.545981 0.131618 0.940149 1
0.489092 0.260398 0.984306 0.923563 0.313151 0.140396 1
0.691622 0.302101 0.100771 0.365694 0.820257 0.267314 1
0.829452 0.867949 0.395509 0.467614 0.017878 0.966467 1
0.505190 0.289714 0.900666 0.204172 0.343317 0.476410 0
0.117839 0.537575 0.330460 0.747856 0.046957 0.922022 1
0.753425 0.839266 0.293982 0.955767 0.916404 0.152687 0
0.779106 0.150667 0.421083 0.674716 0.789180 0.387490 1
0.808554 0.356396 0.472808 0.290326 0.840848 0.904831 1
0.389471 0.443170 0.011584 0.000283 0.057802 0.546982 0
0.204621 0.081096 0.866227 0.994735 0.692984 0.534187 1
0.213625 0.993427 0.167402 0.964183 0.318647 0.147232 1
0.378601 0.557681 0.578230 0.091208 0.032327 0.366643 0
0.379287 0.228988 0.923155 0.445448 0.074539 0.783512 1
0.248042 0.992696 0.009267 0.867268 0.222786 0.951998 1
0.576147 0.310402 0.521389 0.701438 0.567152 0.764502 1
0.902326 0.202828 0.196798 0.361680 0.921028 0.112963 1
0.793789 0.284182 0.729996 0.681439 0.994395 0.098539 1
0.703103 0.479754 0.838570 0.694264 0.820874 0.632259 1
0.688699 0.805811 0.846053 0.941156 0.976687 0.345042 0
0.492984 0.306872 0.735697 0.664729 0.947294 0.441493 1
0.975155 0.745529 0.277653 0.906721 0.680350 0.112143 0
0.002981 0.429956 0.349119 0.128341 0.566518 0.917877 0
0.971936 0.936652 0.976491 0.441301 0.929670 0.600251 1
0.947527 0.859801 0.400675 0.893664 0.462100 0.381060 0
0.875861 0.792303 0.835591 0.210227 0.190147 0.758977 1
0.608547 0.321735 0.087397 0.211110 0.691626 0.540034 1
0.695012 0.076165 0.833524 0.316187 0.753311 0.710006 1
0.285547 0.241673 0.282429 0.885802 0.413883 0.266015 0
0.901046 0.373941 0.141263 0.396404 0.465538 0.242517 0
0.853976 0.652099 0.672637 0.896656 0.277996 0.973717 1
0.905727 0.590736 0.593371 0.857936 0.395307 0.651095 1
0.474740 0.830627 0.175932 0.125393 0.137525 0.641436 0
0.447343 0.906213 0.817918 0.829201 0.740218 0.971321 1
0.038514 0.222990 0.759299 0.375232 0.883696 0.686471 1
0.361041 0.367704 0.625301 0.038835 0.361817 0.084318 1
0.900374 0.349560 0.230677 0.591728 0.970340 0.150197 1
0.318455 0.496079 0.764496 0.697637 0.343837 0.990049 1
0.969078 0.464352 0.852234 0.099368 0.929244 0.826882 1
0.121294 0.470609 0.560174 0.312166 0.492533 0.311622 1
0.746037 0.985934 0.041536 0.738246 0.509399 0.953417 1
0.753776 0.026324 0.760088 0.890206 0.259266 0.710439 0
0.189684 0.027394 0.767736 0.824492 0.742485 0.739271 1
0.582091 0.763810 0.164356 0.356900 0.919684 0.975246 1
0.344651 0.659940 0.625427 0.499009 0.216201 0.032910 0
0.057451 0.693697 0.910434 0.168503 0.129297 0.729521 0
0.866638 0.298552 0.071885 0.466767 0.601499 0.226040 1
0.073258 0.686107 0.032580 0.446098 0.494037 0.048814 0
0.720557 0.036579 0.318026 0.972026 0.368266 0.846121 0
0.006969 0.431923 0.360455 0.889978 0.529810 0.300992 0
0.320941 0.562230 0.518116 0.276226 0.574237 0.630766 0
0.890891 0.691389 0.649663 0.454923 0.861958 0.430355 0
0.100461 0.396922 0.416659 0.079278 0.069320 0.674798 0
0.293043 0.581013 0.177718 0.393780 0.119431 0.824129 0
0.637625 0.962993 0.642467 0.479054 0.852821 0.325316 0
0.605390 0.734937 0.388201 0.657825 0.442078 0.074617 0
0.001412 0.498853 0.682538 0.911528 0.846296 0.485976 1
0.893373 0.367970 0.589384 0.841350 0.653058 0.076696 1
0.040416 0.494193 0.274657 0.945444 0.721137 0.809931 0
0.013425 0.712931 0.583749 0.071552 0.801146 0.626870 0
0.665493 0.514790 0.049338 0.640130 0.534072 0.761864 1
0.819152 0.693359 0.159690 0.624939 0.539040 0.772280 1
0.922715 0.974409 0.123763 0.220128 0.219318 0.153652 0
0.614206 0.930573 0.576837 0.221620 0.822008 0.360406 0
0.051241 0.916097 0.201760 0.975239 0.270761 0.759054 1
0.177276 0.458674 0.087854 0.721397 0.976497 0.918485 0
0.274953 0.078223 0.557514 0.831528 0.200231 0.237281 1
0.372775 0.068288 0.961456 0.945006 0.090177 0.339930 1
0.678776 0.681682 0.831384 0.328732 0.372580 0.444764 0
0.064714 0.310016 0.537431 0.659046 0.985694 0.173389 1
0.082733 0.682485 0.453772 0.014622 0.507947 0.534214 0
0.585805 0.500747 0.871296 0.550413 0.858706 0.233303 0
0.543095 0.791654 0.929669 0.313008 0.064206 0.202175 0
0.270451 0.574083 0.748843 0.917868 0.775765 0.937738 1
0.774067 0.987875 0.489042 0.472634 0.279604 0.179957 0
0.504279 0.470575 0.826385 0.701478 0.780469 0.259502 1
0.726343 0.124635 0.195384 0.423694 0.786617 0.113326 1
0.919607 0.214478 0.910061 0.501598 0.803252 0.256962 1
0.520744 0.569325 0.747349 0.715157 0.359439 0.123181 0
0.398541 0.255790 0.303377 0.017424 0.240968 0.278557 0
0.182046 0.957845 0.203213 0.069333 0.466248 0.008137 0
0.480329 0.607817 0.342756 0.241078 0.497404 0.253227 0
0.396820 0.412224 0.976021 0.111409 0.608148 0.285729 1
0.487343 0.114989 0.125356 0.159094 0.004520 0.613550 0
0.229112 0.859812 0.418576 0.300357 0.311192 0.879388 0
0.430663 0.539318 0.325226 0.712903 0.907853 0.013926 1
0.136812 0.647755 0.771407 0.884673 0.173052 0.785466 1
0.336578 0.717143 0.387664 0.694094 0.404122 0.381526 1
0.848615 0.787772 0.070753 0.257314 0.072569 0.159310 0
0.470068 0.457841 0.663127 0.678930 0.515014 0.781153 1
0.453400 0.339577 0.844200 0.416184 0.364089 0.290475 1
0.039450 0.724826 0.666722 0.668974 0.191075 0.256817 1
0.895910 0.824176 0.233739 0.375514 0.441432 0.960200 1
0.318053 0.440211 0.891997 0.573041 0.527049 0.670338 1
0.452906 0.035046 0.426484 0.203353 0.047217 0.643581 0
0.439811 0.013633 0.368518 0.650605 0.495420 0.533549 0
0.492242 0.628355 0.835281 0.999764 0.677194 0.806475 1
0.064109 0.406227 0.152941 0.481569 0.117260 0.263389 0
0.850217 0.187272 0.961349 0.344483 0.973808 0.375855 1
0.463116 0.064136 0.607633 0.799992 0.069917 0.059857 1
0.017085 0.466809 0.381037 0.454709 0.133761 0.926043 0
0.553645 0.409252 0.447611 0.526019 0.586437 0.030867 1
0.619908 0.146655 0.805290 0.939694 0.498334 0.725214 0
0.277340 0.396754 0.387805 0.907131 0.033461 0.324703 0
0.661410 0.597631 0.521461 0.648896 0.450307 0.505052 1
0.889655 0.784380 0.067141 0.077360 0.287724 0.325348 0
0.582927 0.576450 0.547514 0.070376 0.515952 0.211947 0
0.669271 0.026937 0.175423 0.107911 0.903896 0.565369 1
0.773448 0.693317 0.434847 0.643059 0.726768 0.014056 0
0.297229 0.833480 0.079742 0.533348 0.781237 0.850556 1
0.056956 0.961150 0.717583 0.453752 0.659905 0.293000 0
0.323170 0.624591 0.016516 0.253999 0.074816 0.065924 0
0.423161 0.471289 0.151682 0.404338 0.974536 0.180421 0
0.722016 0.621478 0.391405 0.922927 0.223632 0.910871 1
0.250058 0.984314 0.460206 0.987930 0.378518 0.996718 1
0.638523 0.328228 0.440001 0.363271 0.783688 0.296932 1
0.305329 0.565455 0.771183 0.893269 0.838103 0.540683 1
0.863582 0.946967 0.870843 0.297382 0.410890 0.076037 0
0.939605 0.351156 0.617872 0.747615 0.692358 0.252532 1
0.192818 0.560563 0.327833 0.056331 0.923077 0.084702 0
0.918791 0.865696 0.333818 0.818819 0.034515 0.867117 1
0.110404 0.423618 0.757456 0.672437 0.342887 0.393385 1
0.298360 0.123381 0.113727 0.316040 0.285366 0.851351 0
0.664834 0.996884 0.862661 0.977828 0.890074 0.989517 1
0.116652 0.118230 0.879039 0.214663 0.292814 0.099479 1
0.919826 0.221075 0.458187 0.622108 0.643127 0.995281 1
0.994377 0.473185 0.202659 0.909189 0.604581 0.723529 1
0.555926 0.557308 0.734085 0.467563 0.225613 0.139049 0
0.162038 0.965478 0.163778 0.407208 0.199891 0.371765 0
0.156296 0.698760 0.261091 0.175950 0.389289 0.058987 0
0.122486 0.832782 0.827637 0.772538 0.174975 0.983298 1
0.280282 0.463615 0.587026 0.149980 0.904008 0.488126 1
0.689725 0.170395 0.489945 0.086744 0.014203 0.660800 0
0.377070 0.947503 0.749661 0.679699 0.341270 0.339147 1
0.624246 0.595614 0.324558 0.844882 0.919687 0.479912 0
0.254449 0.307188 0.270174 0.629538 0.791348 0.385660 0
0.853537 0.644234 0.943761 0.193530 0.547089 0.847267 1
0.043228 0.577238 0.374615 0.583910 0.626080 0.088393 1
0.520083 0.369436 0.218838 0.319397 0.662801 0.257823 1
0.448180 0.414555 0.131836 0.883182 0.760156 0.488161 0
0.172102 0.196118 0.518345 0.846894 0.968727 0.835326 1
0.079527 0.384919 0.810859 0.639857 0.340672 0.051305 1
0.051179 0.908896 0.166117 0.349869 0.610684 0.794162 0
0.943510 0.439479 0.262392 0.470410 0.736834 0.585533 1
0.129273 0.424373 0.742865 0.039484 0.244529 0.937010 1
0.843386 0.006826 0.593920 0.631381 0.507671 0.985292 1
0.652440 0.245996 0.258377 0.660331 0.845025 0.083355 1
0.342568 0.111666 0.341614 0.121777 0.057424 0.544879 0
0.710612 0.894265 0.711662 0.654620 0.814220 0.629991 1
0.855591 0.081955 0.463161 0.395613 0.938569 0.602578 1
0.051008 0.742138 0.547772 0.270621 0.293721 0.778191 0
0.669648 0.912131 0.297588 0.065466 0.594376 0.694552 1
0.685943 0.476159 0.924129 0.999389 0.177736 0.515269 0
0.474414 0.810854 0.820743 0.030557 0.806528 0.654763 0
0.828306 0.181662 0.085996 0.771027 0.985702 0.425209 1
0.397590 0.994137 0.162682 0.972180 0.001128 0.489657 1
0.455221 0.888443 0.358125 0.043901 0.817100 0.824389 0
0.151331 0.451815 0.086613 0.759711 0.477337 0.897400 0
0.250995 0.888951 0.880113 0.784407 0.542414 0.347558 1
0.861979 0.386960 0.236217 0.653369 0.780669 0.879492 1
0.867291 0.277349 0.750674 0.806877 0.021142 0.163081 0
0.022281 0.500776 0.646254 0.951961 0.717629 0.908788 1
0.178743 0.729881 0.493079 0.496977 0.796606 0.846167 0
0.404921 0.631532 0.251965 0.440718 0.719360 0.065261 0
0.740945 0.734782 0.112789 0.083164 0.174996 0.027216 0
0.035456 0.608449 0.039355 0.589122 0.303126 0.922859 1
0.663382 0.896440 0.378048 0.533470 0.388357 0.107405 0
0.627490 0.026924 0.548241 0.715887 0.063389 0.743920 0
0.691744 0.582494 0.543737 0.274659 0.949856 0.206545 0
0.545429 0.884798 0.447170 0.820779 0.700520 0.876413 1
0.069262 0.511142 0.957580 0.070219 0.660355 0.472687 0
0.307123 0.853026 0.721016 0.551116 0.382538 0.846917 1
0.663170 0.439881 0.146791 0.578444 0.740131 0.849617 1
0.051719 0.533743 0.479530 0.292133 0.036186 0.477988 0
0.395705 0.921006 0.169048 0.499837 0.462021 0.217490 0
0.632872 0.490811 0.497872 0.176508 0.938905 0.706015 1
0.342038 0.008723 0.780565 0.942349 0.851815 0.707549 1
0.039406 0.993984 0.672427 0.784612 0.148916 0.799593 1
0.415148 0.056744 0.939300 0.015860 0.214097 0.716128 1
0.497920 0.976096 0.015656 0.125854 0.427930 0.392818 0
0.224610 0.034848 0.661726 0.885893 0.981385 0.760792 1
0.148644 0.473583 0.931220 0.028459 0.127335 0.915840 1
0.924960 0.110266 0.322064 0.005833 0.470192 0.119574 0
0.599296 0.237173 0.330491 0.662664 0.802150 0.815268 1
0.863369 0.811965 0.084076 0.546447 0.111762 0.472050 0
0.352571 0.154517 0.111079 0.188906 0.145729 0.105900 0
0.121398 0.367845 0.837700 0.111547 0.478549 0.981742 1
0.113072 0.888319 0.893995 0.506647 0.155028 0.343698 1
0.870925 0.964700 0.113700 0.730373 0.020156 0.049446 0
0.051462 0.858989 0.425186 0.454432 0.083686 0.014384 0
0.556741 0.439961 0.101094 0.298850 0.716143 0.308028 1
0.247535 0.644299 0.170918 0.938062 0.844274 0.396768 1
0.193677 0.231895 0.637444 0.461267 0.453633 0.416510 1
0.393787 0.552325 0.444016 0.433477 0.088943 0.861964 0
0.949783 0.210771 0.864621 0.792096 0.223389 0.158988 0
0.645243 0.582464 0.041280 0.153272 0.621762 0.871593 1
0.305676 0.782042 0.698379 0.023415 0.887312 0.416858 0
0.823124 0.007410 0.544304 0.586037 0.330322 0.190581 0
0.745105 0.065412 0.489540 0.287355 0.140838 0.147194 0
0.773252 0.313190 0.355569 0.608949 0.052815 0.133505 0
0.086458 0.545500 0.863096 0.969594 0.976528 0.460703 1
0.226236 0.559909 0.598086 0.056389 0.937648 0.123904 0
0.189182 0.597784 0.430145 0.286594 0.800197 0.412417 0
0.352233 0.461697 0.208444 0.396484 0.913313 0.198601 0
0.710648 0.900586 0.155889 0.312778 0.611830 0.333795 0
0.157681 0.591629 0.669450 0.708264 0.627748 0.998725 1
0.328773 0.256627 0.795255 0.055687 0.508530 0.795212 1
0.163666 0.137514 0.904135 0.776648 0.824392 0.065461 1
0.084639 0.556065 0.506266 0.969496 0.937654 0.235745 1
0.170443 0.772939 0.988327 0.469712 0.308527 0.251301 0
0.717033 0.546761 0.730593 0.171869 0.574805 0.215171 0
0.359652 0.846568 0.197945 0.041189 0.367762 0.097513 0
0.905375 0.611503 0.054003 0.642468 0.440826 0.289518 0
0.547187 0.795063 0.868269 0.313910 0.967198 0.963814 1
0.817325 0.205375 0.113707 0.994072 0.783457 0.425384 1
0.725421 0.672698 0.740765 0.632056 0.457547 0.123611 0
0.887854 0.858803 0.035732 0.690164 0.583690 0.787494 1
0.382141 0.104512 0.347863 0.132141 0.845549 0.917314 0
0.579558 0.468449 0.737427 0.269477 0.865246 0.344796 1
0.319250 0.913945 0.655048 0.588797 0.884476 0.379068 1
0.528208 0.560865 0.832845 0.102393 0.817029 0.464125 0
0.220763 0.076821 0.302831 0.810797 0.883405 0.661227 0
0.714633 0.316771 0.601068 0.695935 0.191090 0.248097 0
0.599198 0.128858 0.368410 0.588744 0.141243 0.135166 0
0.924701 0.502349 0.220953 0.634712 0.804455 0.595568 1
0.654143 0.945084 0.822953 0.802961 0.275926 0.260052 0
0.341845 0.753503 0.224256 0.664417 0.299497 0.531877 1
0.846054 0.228773 0.166750 0.153569 0.894949 0.952132 1
0.452025 0.568969 0.933974 0.623549 0.005058 0.232509 1
0.148345 0.422593 0.802303 0.479684 0.043021 0.590807 1
0.398782 0.350466 0.566407 0.226900 0.025036 0.624569 1
0.661604 0.741445 0.845520 0.185417 0.662447 0.135745 0
0.860069 0.789831 0.801807 0.382507 0.004153 0.199735 0
0.507685 0.315798 0.823722 0.056541 0.256974 0.220692 0
0.761185 0.780253 0.511176 0.671553 0.744118 0.375436 0
0.875761 0.422482 0.634039 0.542996 0.564857 0.330642 1
0.507015 0.999302 0.214566 0.831769 0.420864 0.470261 0
0.096828 0.409993 0.288932 0.258496 0.774911 0.977093 0
0.354087 0.530986 0.356346 0.586083 0.904140 0.039376 1
0.146207 0.364657 0.854621 0.549436 0.023269 0.115590 1
0.539114 0.044880 0.933280 0.953816 0.186678 0.999075 0
0.263953 0.080435 0.419868 0.257405 0.901653 0.277479 0
0.404035 0.157282 0.923768 0.331707 0.878400 0.243698 1
0.023283 0.278174 0.984652 0.376916 0.794858 0.426222 1
0.662424 0.962350 0.606727 0.359427 0.710896 0.928636 1
0.135273 0.407430 0.636886 0.417343 0.435533 0.466724 1
0.867461 0.258871 0.972575 0.726431 0.956681 0.530142 1
0.028885 0.060015 0.952584 0.494703 0.500639 0.518857 1
0.047453 0.024266 0.068855 0.391066 0.877841 0.134787 0